19.99909200140475	(50, 50)
19.99909200140475	(50, 50)
0.03922276611719866	(-0.0019512735275025728, 0.012263217181955222)
19.995762017229655	(24.999372553153815, 52.007392545870125)
0.12021827369524019	(-0.031123704116663542, -0.009657213887070581)
19.99909200140475	(50, 50)
19.99909200140475	(50, 50)
19.99219312623256	(39.99141852374525, 32.01296536696102)
0.05371981716408669	(-0.0005190556672608482, -0.01644250191198342)
19.99909200140475	(50, 50)
19.99909200140475	(50, 50)
19.99909200140475	(50, 50)
0.03457370003989624	(-0.011062281426100329, 0.0004372035181654521)
0.027307696608531273	(0.008876174524177168, 0.0007538111684148863)
0.01999424113706283	(-0.004018751272095722, 0.005301460147222929)
0.021209113448499295	(0.0012278263836043024, 0.006925052816572769)
0.020583795020822748	(0.0036250108128635106, 0.005797441392094149)
19.986694899125286	(46.99582253725801, 20.99920282443725)
0.11458257273971384	(-0.010236798260934002, -0.029616407392036255)
19.99808750322444	(43.99446579930035, 38.009922059612094)
19.99909200140475	(50, 50)
19.99909200140475	(50, 50)
19.98257969792259	(0.007341326010926866, 49.005063518706606)
19.99909200140475	(50, 50)
0.08507795944846563	(0.003924680024762317, 0.02415294088168085)
