19.991678227258554	(33.9966284188201, 29.96979165779569)
19.99898643387661	(44.99671509339238, 50.99899763158806)
19.99841107562486	(27.001207901475944, 57.00624013930713)
19.99438958188888	(47.99793073047273, 32.000286366436995)
19.99909200140475	(50, 50)
0.13384483179263995	(0.034037189715033556, -0.010237476762278652)
0.06908852103894603	(0.014827181584502393, 0.014136537456636677)
2.7295467110497533	(0.25226554953771346, 0.25489115609755353)
0.052609052471549234	(-0.0030018765300774963, 0.015868346927863236)
19.99909200140475	(50, 50)
0.05850351592166092	(-0.01633742314223774, 0.006890701508912689)
0.02605332946121308	(-0.008239604360321784, -0.0021954883012002546)
0.10276453798734764	(0.0072991666626726626, -0.027707805748730052)
19.99909200140475	(50, 50)
0.1292725968339674	(-0.017513150252240872, -0.029789509353479238)
19.996668142410197	(53.00124170059473, 19.98896502010799)
19.99909200140475	(50, 50)
19.99909200140475	(50, 50)
0.011614242708365197	(0.0006023918638283776, 0.003912632004623995)
0.1820844738601508	(-0.04328213634145062, -0.013481070938798578)
19.983281136714385	(35.99421257939093, 33.00946620773395)
0.05949506471876376	(0.004033235099533617, -0.017536342323048765)
0.05314866905120752	(0.010170801445264166, -0.012731634185849439)
19.99909200140475	(50, 50)
19.99909200140475	(50, 50)
