19.994507631990597	(45.00000015899994, 32.99138664003182)
19.99909200140475	(50, 50)
19.99909200140475	(50, 50)
0.07333845611932688	(0.01670708367669288, -0.013634664791721707)
19.996535343704124	(39.998122084417204, 43.00717738461287)
19.980489441743536	(24.026937926218142, 36.997379279229)
19.99909200140475	(50, 50)
19.99909200140475	(50, 50)
19.96093763847991	(24.975270823099084, 32.99110638378892)
19.99909200140475	(50, 50)
19.99909200140475	(50, 50)
19.984540072709915	(25.99686157532261, 43.00498912416038)
19.99137537769625	(35.00264872685902, 40.99399766813866)
19.998098843218003	(46.99955231002916, 37.99141272057542)
0.06484834790812855	(-0.017867225764115244, -0.007546549642307554)
19.99909200140475	(50, 50)
0.0654088755112383	(-0.01954135192068318, 0.0001095185026282891)
19.99909200140475	(50, 50)
19.987091189435542	(35.990987088414194, 35.00724652191534)
0.20478029766060502	(0.022624380167779706, -0.04416517816118759)
19.99131079141374	(34.99381323829359, 38.011758197071345)
19.9290303358722	(38.00196054628407, 7.979384621034951)
19.986954741607974	(32.01300510457804, 37.99738638358382)
19.992670346860578	(27.985725516124482, 40.98616913266263)
19.94047468573728	(22.98758265833571, 32.987474329145606)
