19.994389929348248	(50.993044867399675, 24.000383481169315)
19.988585425210992	(30.985344319894104, 33.024448772080675)
0.036210697495672406	(0.002450696154821297, -0.011285180712956807)
0.03998648320906639	(0.009506622651390725, 0.008323899803388324)
19.995001681327285	(35.00014551572159, 42.01185038136963)
0.014301996472589451	(0.002058673377844489, 0.004376313995379966)
19.86469341626025	(2.998151231567104, 35.01148542237164)
19.99909200140475	(50, 50)
19.99909200140475	(50, 50)
19.99909200140475	(50, 50)
0.054429048690550985	(0.007497575968640202, -0.014856845570617484)
19.99909200140475	(50, 50)
19.993424103206994	(52.002425251079494, 20.995883771866673)
19.99909200140475	(50, 50)
19.994229847483535	(36.99308310546517, 41.99693145456853)
19.99909200140475	(50, 50)
19.99909200140475	(50, 50)
0.03170548369194037	(-0.004657526885550878, 0.009103602532933547)
0.056330023628564874	(-0.011175839201041204, -0.013010618274973518)
19.99909200140475	(50, 50)
19.937203933163758	(29.977175711507034, 24.02008492138759)
19.99909200140475	(50, 50)
19.992648938962965	(47.0066170515877, 23.011721922318003)
19.99909200140475	(50, 50)
19.99909200140475	(50, 50)
