0.02868184115000716	(-0.006086323745534639, 0.007061926888853598)
19.99894893054215	(47.99684127630068, 48.00116033220773)
0.020368978081826583	(-0.006288531491408206, 0.0025078562378635233)
19.7956688663232	(3.038440201030988, 31.004917106669613)
19.99909200140475	(50, 50)
19.99909200140475	(50, 50)
19.985494937912083	(36.00511550941914, 28.02473203968801)
19.99909200140475	(50, 50)
0.057585265867196256	(0.008622132783970046, -0.015213382962831923)
19.958745118113324	(3.0118173138322857, 40.97634892339132)
0.041983305241782176	(0.008603365455504886, 0.010016217284398221)
19.996841048023526	(29.998969616955026, 49.991226966528345)
19.997857153376504	(7.036063370247763, 43.999570208780206)
19.99909200140475	(50, 50)
19.99909200140475	(50, 50)
0.10685464940969425	(-0.009068070381469784, 0.028167005270365086)
19.99909200140475	(50, 50)
0.045974593874746006	(0.012995953061346058, 0.006026678804196606)
19.99886073872807	(57.0002457293125, 38.00192286448389)
0.09062271946891798	(0.0016890637066509506, 0.025749736563889014)
19.99909200140475	(50, 50)
0.19357008736140813	(-0.01979638138576134, -0.043203212903988306)
0.06923073285488712	(0.020505609856207307, -0.0008819049367781769)
19.983851710576385	(28.9815199134585, 36.99489754882009)
19.95225255431455	(25.987751838188203, 21.934403659500923)
0.054176976338915495	(-0.011661864827235469, 0.011775941999979334)
19.99081992653649	(42.99669403640997, 27.01464245663993)
19.963303166914383	(27.022993741237997, 32.00997323329924)
