19.99909200140475	(50, 50)
19.99909200140475	(50, 50)
0.018961915721682487	(-0.0008959869812036336, -0.006263506454318585)
19.995826286941217	(38.99775662643322, 39.012030216732015)
19.961829533914063	(-35.005723534166734, -16.042282510877737)
19.998214746836844	(47.0010384729056, 18.97743928675623)
0.00988113133536217	(0.0021578815910106575, -0.002608803516799957)
19.99909200140475	(50, 50)
0.05275862052128488	(0.0022881025642134123, 0.016027914173680435)
0.04554082431518225	(0.004311150924736662, -0.013534475371659749)
19.99909200140475	(50, 50)
19.99909200140475	(50, 50)
19.99909200140475	(50, 50)
19.99909200140475	(50, 50)
0.029304416920169274	(-0.008398638534854674, -0.004460859619800528)
0.08982315115957462	(-0.025609708000827014, -0.00046828552988054106)
19.99909200140475	(50, 50)
19.99909200140475	(50, 50)
19.996452843874224	(31.999110364431694, 48.99245837190107)
19.99909200140475	(50, 50)
0.030238845481829202	(0.00915558505364851, 0.003465386841554119)
0.06838574122409824	(0.009728822894878641, -0.017824844867914386)
19.984451512973827	(40.01084141446538, 19.026925640866263)
19.99909200140475	(50, 50)
0.008600266018955693	(0.002591527163384108, -0.0014266526694484694)
