19.99909200140475	(50, 50)
19.979574393442903	(37.998210836932294, 29.994685270260902)
0.043394592293328316	(0.0029657125452157984, -0.013275597868942723)
19.99807595244737	(44.99502740045141, 43.99770760081206)
0.04816266245540035	(-0.006537536142477984, -0.013425097943755154)
19.99909200140475	(50, 50)
19.99909200140475	(50, 50)
19.99909200140475	(50, 50)
0.0017956272480148527	(3.845509972639355e-05, -0.000629927724141055)
0.049271507720714425	(-0.010979764376908618, 0.010565413566743231)
19.99777686266607	(56.00006352168445, 20.009119220179358)
19.99909200140475	(50, 50)
19.983767343558966	(42.97664275285724, 15.006702260673212)
0.062385238130307386	(-0.01608238468039236, 0.009646398045380589)
19.99909200140475	(50, 50)
0.03856033294218619	(-0.01213372948953495, 0.0015098704628116466)
19.97603773639918	(43.00001628148725, 19.00852654330105)
19.99909200140475	(50, 50)
0.0724053798290889	(0.01968438259065719, 0.008216002474379924)
19.99266306396812	(24.012557783175925, 45.992636839817216)
0.06363354628748397	(-0.01719851944369538, 0.00826105160764612)
19.6247776619562	(8.070999757247666, 23.95296514273695)
19.994127049913804	(41.9977325718926, 39.00100546189353)
0.047630563976866824	(0.00988661749896591, 0.010993161790364255)
19.91389718043727	(32.99446835438599, 18.020519171942436)
