19.99909200140475	(50, 50)
19.984099786339563	(46.986911299605204, 12.00441616707267)
0.07765324037888988	(-0.0018656582536079325, -0.02256951179746114)
0.09187768768215676	(0.01591718806897624, 0.020684318938790525)
19.99909200140475	(50, 50)
19.980668043045014	(34.99065469150974, 33.004523436182964)
19.99909200140475	(50, 50)
0.052960282446161244	(0.008227749082065805, 0.01400673063893712)
19.99909200140475	(50, 50)
0.029581807329709164	(-0.008867614154513648, 0.003659291959465405)
19.99909200140475	(50, 50)
19.998968752328825	(50.0016863303731, 45.99703427370787)
19.9966979019716	(45.000050959001484, 42.000672480726955)
0.1282124808360301	(-0.0130250924179931, -0.031763995165738454)
19.971293123512922	(34.99030742199107, 29.0064119041934)
0.07871785768291417	(-0.007491824871763031, 0.021649912560236795)
0.06662126009792502	(0.014559173158314564, 0.013497296704625905)
0.050529994626863584	(0.006481656402802453, 0.014171003901056023)
19.99909200140475	(50, 50)
19.992454569433328	(25.99557171593466, 48.00546688880327)
19.99909200140475	(50, 50)
19.998248764875054	(54.99433276743561, 30.00291453882)
0.13277786836304628	(-0.015557577099374442, 0.0316987544681373)
19.99909200140475	(50, 50)
19.993955329535517	(30.999624263021285, 43.98800287128741)
