426.22543309802256	(32.62599236538191, -13.36333198692287, -73.21209757616242, 45.87868896931758, 60.7844493919998, -15.878340570687474, -34.68921642049785, 17.2199816476664, -77.23510491521444, 71.06660748474921, 28.461266088991927, -55.139856715213845, -100, 80.78206872160511, -44.53540745974672, -36.51938313880082, -34.1070381632526, -84.63312751807199, -83.33847326685266, -16.58803237161453)
474.3575285222445	(0.4169765289010573, 37.87412594101617, -5.553665472464722, 30.0511970705578, -29.742805541237463, -35.660931473799835, -47.22733885707852, 21.36481125928394, -59.738028030630396, 63.933714930373284, 66.5929629304851, -5.40928027247549, -70.52420653774317, 54.635618172546046, 0.4720743660997324, 15.016122132261335, 16.668068214918133, 8.255838603892144, -60.738639317476874, -28.856625743270527)
428.07655700683046	(27.85030437451614, -10.541849180632557, -59.33078704983616, 28.16086400654744, 46.28200485577504, -39.36883825097225, -47.67379851294621, 15.748561351831107, -83.04540798369452, 82.34511329745271, 24.6798328918972, -58.39339927948991, -100, 77.58011042763928, -46.85545754918431, -34.63261743429727, -34.644290858275696, -90.8278911228317, -82.0767158110573, 4.475793600985679)
476.10481212636375	(30.120035267511625, 25.74118843564548, -45.42387353565758, 50.90341870642438, -8.89977119342025, -35.028162282751644, -45.891736357822154, 9.828416627141513, -79.12635840985345, 55.75616030789785, 29.859801237449183, 7.845315980339907, -87.1345292658924, 52.84028417907081, -1.3982306486775362, 16.53810404907828, 19.201846106248233, 29.630053817598316, -80.71296452131372, -14.08664194887089)
473.90172362523975	(28.71517558898058, 33.56505611790607, -37.076412818150885, 54.193017239753324, -54.71913581481483, -34.67402142470931, -40.67991358448771, 20.015285093703135, -57.20166589531483, 24.609327836922564, 66.79486684698078, 27.297899787203086, -71.14507540397798, 49.59823369699228, 2.9606263588247925, 19.793966542042366, 20.827849600045955, 62.808366024318076, -69.81384999430948, -34.44500382540594)
474.0426420059264	(23.785225268157603, 9.643133036375348, -35.316113023105466, 38.38524180918595, 28.994384206901383, -37.13212771081055, -44.68024654526211, 11.541482460001214, -83.18064541905143, 98.54098454398691, 28.456201191329654, -28.669092882202506, -91.17528148613715, 54.99865992687564, -6.074929951817343, 11.058942783910222, 7.208244079596058, -46.823185551442855, -77.25716132984857, -8.494796977073745)
406.3076416217785	(35.597498551658205, 4.573044181481878, -55.82640079739315, 77.91625216204096, 21.916718057777526, 10.757649570991314, 3.3615403240855146, 63.06236271012314, -33.73584118735601, 73.361838445056, 72.85533278351785, -3.0295856359477282, -67.58000769628136, 52.60392962778446, 2.7125255333797345, 16.752321989936082, 12.677802662120953, -42.96197590075389, -64.48752910819853, -70.56518363339505)
406.37106088268	(30.64830779707128, -12.741199552715857, -58.41690466052062, 76.06042659567798, 42.73311563836507, 7.799272558926328, 0.34612864112994346, 61.19544953195531, -34.46472667836711, 72.05802578380727, 75.29953887318132, -33.20743101038978, -69.04529817219255, 54.93666127362976, -3.981988519670442, -2.2999114635296856, -16.141855509943696, -99.58786789638306, -59.97528150732513, -61.22608711764006)
473.8507201792502	(19.397922051038698, 26.36391005502426, -18.212106161748117, 38.21237689485565, -20.53853638795576, -37.016818499988396, -45.46348568405692, 17.54189974371496, -62.840206463769704, 73.16173988684218, 63.052292875478294, -2.516335059219645, -73.90911744713348, 50.27071605804351, 3.8491387232350918, 17.33317037285805, 15.832822826758107, -6.663795343327797, -65.79023937445885, -28.783252009417957)
473.97591053620283	(24.846533634554547, 14.48153174482636, -21.71817830485014, 35.75430500842933, 23.845875511622392, -37.90398833640708, -42.39447749339523, 12.512638798929274, -81.52154361140525, 93.84970904362177, 51.95811481002669, -16.75524758337131, -75.57635091498705, 49.61842157142969, 0.09261649367417356, 13.207079243025545, 11.807895151655995, -30.732693398987717, -67.21724907116301, -2.439102112249044)
474.7832974274065	(20.74929832182575, 24.851410219116904, -24.706936380569964, 41.21705720178669, -2.804549945233601, -38.70081915531892, -46.44813244116172, 14.959445095408151, -79.85729042666173, 68.40608309277312, 50.832707638035565, 3.55764118746038, -73.05970791649484, 49.45921695333577, 3.2761232521363572, 15.09604586555277, 16.26521542780083, 13.741311096888845, -69.5593807235866, -7.471823082804072)
474.79921119036806	(28.890519496324245, 32.64357043188709, -39.71735607970687, 57.56405027603606, -37.77867871415972, -35.01842693512196, -46.642468890825725, 18.089875803943926, -77.51192334602148, 28.926208317646825, 50.90719459151187, 25.1525115366222, -74.45844260193046, 47.63972300665741, 4.135198989753125, 20.30114371074225, 21.15875928386143, 67.13766428940035, -73.38974103194471, -20.615113474151215)
475.02904672715493	(23.90360296848842, 33.62902625206291, -24.391313122563428, 39.90581876911635, -38.834848458341206, -36.722633062914035, -45.47406766472885, 13.744857550370005, -85.02163090776254, 44.68693374292082, 54.36626213262488, 15.73582325677623, -71.78603437008111, 47.94911207496234, 4.465213967306566, 17.44060691583213, 18.391213376751864, 51.556640085781694, -70.59599630864221, -12.464618373283859)
474.406871707924	(22.479029131222106, 25.848802931361792, -18.522071462060094, 38.43942017755012, -15.200770636277447, -41.17757992058346, -44.796911914055705, 13.574601572587698, -85.12883680889844, 71.95435535156307, 60.97504509308584, -0.4546300534003776, -71.32989377411495, 51.23555563899795, 0.86071903865764, 15.591157457783622, 17.519164190625144, -0.056019987685312245, -65.11479281257377, -19.87771630554026)
470.873234193171	(29.95216679400608, 4.430145758602039, -43.41941768196616, 55.79295608478455, 23.54070882652573, -30.590159485269016, -42.802992954320835, 15.24057248521347, -67.75322383368668, 90.47618427077207, 59.4269915478863, -14.419209544088957, -72.89269859474273, 51.028555369323726, -1.276452886302684, 11.807768939745523, 9.949931274033656, -54.12337787376036, -66.16315093266248, -33.64562037164666)
476.94937968360546	(10.369669822419437, 43.24968041485451, -12.268000706241772, 32.15244112646626, -43.450107982810536, -36.860569955750826, -48.31944529956653, 12.68188191685727, -86.53844699916402, 34.353440357021825, 45.614655725955046, 10.420174051438178, -73.71966647809778, 51.96117553123105, 1.7349303808631376, 16.822555872820352, 20.885757871388478, 68.20651447639464, -69.51823440500173, -8.532047038511354)
473.1542099415559	(31.70864808877201, 22.834248531992355, -47.969609290717806, 65.65729092869053, -14.088962894131841, -22.147486110396702, -44.237979032792495, 13.84574399523504, -92.85820196207175, 47.90181280742154, 63.27164737242561, 17.903380830965794, -67.9015467944817, 47.9824925527456, 3.056201832007809, 19.22280516655552, 17.469098378622935, 24.292906451836004, -69.50917105641032, -43.26479132286804)
428.4518531063685	(21.27348395686522, -6.334834030830513, -39.17577762372689, 17.74440203136789, 40.07875841436984, -36.89934370432438, -42.97213040501288, 14.511408529986971, -81.96823185517873, 83.66683377639141, 27.820591961694557, -62.52195134928416, -100, 77.17428687882231, -47.626736952382004, -34.12918138876799, -38.5946942886815, -93.2260812414361, -74.97315521591482, 7.21598111587209)
473.16945796118057	(29.203508016639784, 14.899398611132307, -45.03091050316976, 54.85532216876225, 17.45498893014477, -36.647296595966786, -44.14273138032558, 13.336748201050273, -80.56420784213883, 82.38125922903917, 47.305967617672756, -3.1996797665110757, -75.72935629576922, 50.345639611971606, 0.5471527020885034, 14.012441081625813, 12.877693834261546, -16.344936443865613, -69.56640862400862, -14.212173498899785)
474.72602923850525	(10.166935414330279, 29.48348675819084, -11.189187062158009, 32.14720013662766, -1.5067299887575583, -35.8256921051206, -46.602795045450385, 12.597288678038423, -83.49215975729327, 75.54439953826676, 55.31352305875054, -9.408691899970636, -72.98676869416221, 54.71674323428176, 0.9608344461130844, 15.251493390101642, 16.386686110982417, -3.1458729141436903, -64.84159947528269, -12.931915489766084)
475.0149583903987	(-9.798200937875885, 48.62540549070956, -8.497993773594889, 38.17075709360595, -64.2174456795109, -31.39791052910644, -25.23560357004233, 43.868109193715476, -43.28821865655875, 41.04500944425308, 75.23931159215918, 3.8754910881822404, -65.53232792592419, 52.90677540358157, 5.042666447685485, 17.958364864705526, 20.66750152831253, 44.031543719049175, -59.04789923326053, -35.555408752448955)
471.5137286748205	(28.716489014594817, 11.43063427759831, -39.37968399465708, 55.27536422738902, 8.737483454157958, -36.09749698635633, -47.58736271451992, 17.420439276142726, -61.02654076004119, 87.64781638688753, 69.08000914861829, -6.993055477343672, -69.5693119109916, 49.1306899423039, 2.402732474743071, 15.100968597188007, 10.47930208022926, -43.121907823679265, -65.05820392717641, -34.89851075288137)
476.100726638487	(12.045975050084653, 44.86100979464694, -8.843217063795015, 31.951701883492348, -56.37982969799094, -38.070737256730126, -41.33656059279901, 11.635420199760548, -75.63252091715161, 28.53869370587478, 62.779509613867795, 14.457311202590004, -70.6351575328967, 51.1379789242201, 2.66961929868073, 17.150590363525847, 20.77485145214393, 69.53319538625544, -65.827909348698, -18.413047881979153)
473.7757665815635	(28.504687713783966, 29.564265398080256, -38.7630564344968, 52.090200491634356, -43.84320898683003, -36.67500368212689, -50.471636188456806, 6.883065957191989, -66.95687189264557, 42.96181296241535, 67.55403515808071, 22.14738725810076, -68.78623158955246, 45.45057873458982, 3.3936815351180005, 18.814889682220755, 20.02904353719625, 39.51066676475489, -69.13303247168614, -31.999371973303123)
476.18340583540333	(31.615599047211706, 32.728139759431286, -53.1254905543476, 62.09010115050496, -29.6546349499365, -21.57359875034296, -41.22752008116895, 9.590792223451372, -80.74858316244016, 20.70180854756993, 26.160221110868953, 24.606724478553204, -79.95808792713703, 52.8514380629514, 0.5249375702256875, 17.935792008395463, 21.41097750151896, 79.50688230564371, -80.10594160980177, -23.308318907577252)
