400.0000105741343	(32.53480693831178, 7.819347135305112)
400.0000013629072	(32.523549838045824, 7.794490448982275)
400.00000997302203	(32.457331810295, 7.57588835773666)
400.00000337894227	(32.53257154407685, 7.8234758542460705)
400.0000241057246	(32.37448879576983, 7.249630494620025)
400.00000299599316	(32.50206641741028, 7.737221390659302)
400.0000054642983	(32.50984072312203, 7.771918053740276)
400.00000229317294	(32.489979148071754, 7.6884514262671635)
400.00000981302566	(32.560743543585836, 7.922083404493416)
400.0000016573666	(32.5253175281773, 7.820355621671697)
400.00000426036524	(32.541037923839646, 7.884609016636337)
400.0000002086235	(32.497972953429745, 7.707488115424525)
400.0000028598964	(32.53048504183965, 7.816693726042338)
400.0000005256144	(32.49852176571486, 7.704416260106217)
400.0000020957397	(32.53924728280568, 7.854099618613862)
400.00000886303616	(32.42888756698119, 7.452439985141902)
400.0000006040379	(32.4889950778937, 7.673535600113389)
400.00000055569643	(32.531546777196205, 7.833614314091817)
400.00000161736983	(32.481978619258165, 7.640716646198799)
400.00000158974075	(32.54557369855901, 7.88831568992412)
400.00000345707645	(32.5191387459768, 7.771367183942412)
400.000011553196	(32.45068685009036, 7.5070582219999995)
400.00000284425164	(32.5549841571483, 7.917339381182692)
400.00000050738964	(32.49165846662917, 7.685271375337127)
400.0000076662209	(32.51321882385351, 7.741104236703738)
