474.89432111883764	(8.83519478308591, 34.77977161359952, -9.00138880916822, 32.09441124985878, -14.284005639578847, -38.10863690093606, -46.72714504377826, 14.330131255565156, -82.72094910340726, 65.67099195268533, 46.134970791212325, -5.710259914479646, -75.58447737563736, 55.08779064427637, 1.8211912276721576, 16.588245522463456, 18.367607936260047, 19.372112159602263, -69.41036197936518, -7.515455585268703)
476.4920441534033	(-3.486772891096664, 39.56083461518653, -6.687146760005101, 30.040832574696246, -9.429758443215317, -36.48699370246158, -46.676496401169345, 11.22546881292854, -81.92628685155918, 67.70264702673161, 49.048016380466485, -11.94276650117443, -74.53214976619336, 54.850073207242474, 3.3523181151164265, 17.76884171395672, 16.42398758031813, 16.597438365522006, -64.60529453752682, -4.031143358716761)
475.6676918732461	(23.48048604118004, 31.48080128363122, -25.92119913152358, 38.389548908334966, -21.723370511524728, -37.003402696401345, -46.41137207186758, 11.906060779769989, -79.09807866716902, 53.66176194643475, 54.20507626516838, 11.197672566839428, -75.08500879874083, 49.10123497860348, 3.4439098342589465, 16.464149052871974, 17.89860875786544, 40.8490832001174, -71.19676571177989, -2.4824872989968574)
475.3713198300036	(26.367380655134255, 26.39358385464544, -38.306948703283624, 51.544650529849626, -0.14472932026686414, -31.501591838961595, -48.8067668726199, 14.48707357670061, -82.02697901782025, 55.11295574223567, 60.230303126897766, 15.766124549683092, -72.44828033954745, 48.77870955446631, 2.0756899955602734, 18.082834787626076, 19.55161648002288, 41.56711881857155, -69.02345037902691, 3.4371355052031007)
476.15542153829676	(14.380490217030287, 35.87953816437017, -17.026918925114998, 35.37119368871483, -16.14788252120527, -40.90375795880395, -46.544105434963164, 11.778380604162445, -82.43690815129169, 47.021210283249744, 61.59162629729762, 10.431810320449813, -72.36376093711662, 49.81732158547035, 2.541874788179436, 16.580489423637264, 19.13370690641771, 55.86435937270463, -67.11669805757008, 10.494373999587415)
472.7667330422267	(22.27999535237022, 26.245790785078384, -18.910393636200933, 40.60503280310815, -21.714205866895846, -36.40285010839722, -45.96065169056812, 13.759099786006239, -61.35502601448934, 69.3273478754603, 64.12961492722438, 2.9146998844322836, -70.97828090985696, 51.65461530189435, 2.7169496458214657, 16.565474693655304, 17.60867760959511, 0.31008424583413347, -65.2820528353098, -30.80617058377709)
471.74024025147617	(29.55281954715833, 17.987996449985925, -44.219225027371685, 58.1548326505055, 14.829347714141557, -30.789162381233425, -44.77430210149379, 12.296761242951565, -83.86898533998173, 68.62459023194882, 48.36143178981658, 3.3802502250164146, -73.64064491957066, 48.828384981264826, 3.1532589178706245, 16.539927331708856, 14.450922047510893, 3.1020920235941416, -70.97412616749102, -13.196935488343549)
472.67574930973825	(21.973564821707026, 23.63848842371924, -26.664934869407297, 39.97491584235612, -6.729858086590511, -38.61217487137211, -45.69051042241718, 14.198213710170267, -77.19758168347147, 73.34667473576836, 57.72130283198624, 0.22744451572842073, -73.22433662385954, 48.31902070477602, 2.1336257426793033, 15.785887812390348, 15.232520301149604, -3.9644349773017584, -66.66351502725853, -20.746339759819932)
474.8972600915836	(25.229417426502945, 32.87542399813499, -27.635850642097807, 41.69527609881525, -33.03391253875721, -38.138391393045296, -43.98740093924128, 14.35844740700542, -82.85519701482589, 43.72226531238344, 47.295980747769526, 13.367682132335677, -77.50497066824684, 49.86629504347872, 2.4964112406484515, 16.61606015131422, 18.54507592722607, 50.37705911761762, -72.62274099431487, -9.820996996951383)
475.5307679266083	(18.187455439191787, 31.346252612357308, -19.91778873360482, 34.5058087935357, -11.277451107436962, -39.5101834408081, -46.8260496441458, 12.759139068381206, -82.29897558138903, 61.33369005277326, 47.41094665885298, 3.785716845259603, -74.68728989601765, 50.724732993732175, 1.8469523642076653, 14.801785839905076, 15.541930930683916, 25.72162498157776, -70.48802927247081, -4.624931294354538)
476.1056838178588	(2.980673148555335, 33.494548615928124, -5.9971865291886886, 29.150126405742224, -15.383822045942406, -40.81486944742923, -46.22558951194341, 10.876426885147843, -87.1185607301938, 75.08920977356944, 61.47188435266551, -11.725702746919394, -72.18535634754316, 55.177826389451745, 1.2833297082993156, 14.788146736500858, 14.874821909600518, -7.940742666670929, -62.47253629491084, -19.04660659733326)
473.816914687877	(13.45180226938173, 31.942249803791636, -11.266838233978932, 33.85612626599609, -22.65567842888801, -35.50542945569377, -47.32839476227542, 10.968438075339133, -81.35882220527466, 65.34453888917011, 58.53649740181902, -0.16174027950373415, -72.06706073441094, 52.5991350666041, 2.9699894894782757, 17.43844214578419, 17.329812790110154, 12.50765014182719, -64.61106946335016, -20.13866848469367)
472.38329840826793	(28.618680559777328, 14.351906278894342, -43.10879205055084, 57.0369281593705, 1.8566274569838876, -39.51126720088939, -46.33425957285686, 17.646726036629186, -72.42242793301942, 78.29104986147654, 62.923562663816654, 0.8224979258058813, -71.10902952727572, 49.17178263044698, 2.3696093195783514, 14.409563009540822, 16.44549237546572, -21.871404612786407, -66.89357172331098, -31.794407959188828)
474.6826835845137	(17.78127472782036, 31.984089727864987, -15.374486931230992, 35.04674745208927, -2.4186019878327745, -42.29473596450389, -47.55092714404746, 14.049395383905395, -82.54623722328803, 59.18889325704791, 61.5046731533691, 6.811052793647158, -70.8064022203155, 50.2297974868412, 2.5351240282176772, 17.632284783679765, 18.41290161786716, 38.52377741462563, -66.42053950663599, 12.686940695431282)
473.5755102152497	(24.325020771427585, 21.37969255333954, -26.734396561435116, 43.079912686564356, -22.395460192465087, -31.621218179197538, -33.64072956551029, 39.570743998481404, -47.8383904704819, 70.14862184580907, 73.54671330111574, 2.2319870618967306, -68.10457789426916, 47.696428041572766, 1.9107695852094606, 13.010132291937603, 14.2900457034021, -13.649364026876842, -63.50269006491941, -38.7701077398646)
473.7330371822938	(22.51547799484732, 32.96324703055727, -22.346277778391, 39.370620906541355, -44.272388593655144, -38.286011987911905, -47.81681307369338, 15.860902722637134, -80.57209706811608, 45.003241687202916, 59.38525902130974, 17.10626776140546, -70.86619977860566, 48.151108426733074, 2.7574553395624823, 18.726192317984154, 21.200218292922422, 46.08824892262308, -69.89281127827445, -20.111152524290638)
473.20710069630024	(30.32053021680219, 23.92898708145605, -47.8503507816326, 62.72796890279406, 3.772492305314297, -27.0293916378331, -41.14996843730017, 10.491688001204052, -84.47980286446551, 50.78077487101279, 37.36846464305285, 12.058672091198536, -78.62718770596204, 53.079651544703545, 2.5067357595343904, 16.932645073110496, 17.84312237891622, 32.443035913526835, -75.99340568020766, -18.64310397506233)
469.91736866524786	(32.08403707067333, 17.975185320329803, -56.06199302359866, 71.53900970103844, 29.16879380491201, -1.2281982006231313, -17.435370991318532, 30.795498581684015, -75.1264181512736, 57.91663587515316, 52.4051158327241, 9.156789983934736, -73.69456730387371, 52.097281532265754, 2.202698851330492, 17.198016756794516, 17.766014078658063, 14.804668412435571, -72.03057145557771, -29.30199404415796)
473.8594421559569	(23.848632406357325, 26.53368914637642, -29.789425507205504, 44.12920668184801, -17.943521348466007, -37.751320548427145, -44.0366965695775, 13.93092833310076, -88.76634624989856, 63.83090540119071, 56.31671966034721, 4.768427481052764, -73.10993599120141, 48.20047246935187, 2.5518357160398923, 16.55173344409406, 17.93810577524964, 14.184171293124711, -69.14460733278126, -17.452126403308885)
475.55218296226656	(-7.280406437503317, 38.67817287608253, -3.2516645212958544, 33.65372815592503, -20.453409854023583, -37.6294682757956, -48.95082504026605, 13.1551370378281, -83.26348882921846, 66.30588949862887, 59.28888769690938, -8.784339828555733, -70.97009472761134, 55.44938811760057, 4.427929468155922, 16.11694170842616, 16.46434919760459, 11.482300979723222, -62.716846935895575, -16.81690304462844)
475.92501729206697	(25.360572511075947, 30.83226073371385, -24.97848457659013, 40.370097030472344, -29.749054255642285, -40.379703940121374, -49.959045552753416, 14.444224909645543, -80.4552940079046, 48.975568848167526, 52.511006037455026, 15.950936590264204, -72.04891075967778, 45.93939897040444, 2.9244356778461515, 17.92604070118795, 19.625341844918502, 44.38028506508562, -72.01277833761513, -7.028650515120414)
475.12783875819747	(22.747356292711924, 27.159142837972556, -24.21304013080951, 38.662805300042784, -5.837423897873804, -39.381385636856784, -46.92335720273002, 15.86412765187699, -85.1250124036824, 67.71464555001008, 38.394136128100136, 0.14129007034640517, -76.7510014931459, 50.41540626999152, -0.3509998921760309, 13.763702540515595, 15.896474521523022, 16.45542113876498, -72.1967697372769, -3.5557305402261856)
474.58789540424885	(23.160327539358327, 27.533435934916653, -23.728396466497877, 42.201835944614615, -28.094123064714545, -40.64312336827655, -46.34054437133026, 16.127214292847672, -67.25516349086355, 60.274124995015015, 64.59176607453612, 9.915755324226964, -69.37604087763684, 45.522462230949564, 5.505763030238285, 18.39442803705324, 15.563211540531672, 13.197856095762715, -66.34365458893592, -23.847405840408445)
476.70014890038664	(-3.242693509073006, 43.987557950454054, -6.09433388337461, 29.73287812757294, -20.06436937519054, -37.11189203904293, -44.72235452401083, 14.178473832943848, -83.44377919450854, 51.49669636326988, 51.00421655222455, -2.1993100451718863, -74.67640060974098, 55.00006227540069, 2.177975973343271, 17.539618678420727, 20.382081448434782, 47.64025395782724, -66.57955652567787, 1.3182549879818688)
474.41730553521575	(24.44232585591008, 28.20026675093762, -22.955422116388604, 36.63551602229057, -32.55896331011184, -37.243347236196506, -44.328706045442765, 9.64107816048197, -81.31064023578816, 62.466825456641445, 65.88989885705817, 10.303863188291054, -70.73680058521487, 45.90703381084816, 2.7940851119103263, 16.17855743691911, 16.903935967487442, 16.47122544525597, -67.00997672174964, -22.527591982016823)
