400.0000025969435	(32.553975323938026, 7.9222865000381795)
400.000000004178	(32.511443386611205, 7.758525287156468)
400.00000128094115	(32.492216606302314, 7.693444252009037)
400.00000169120585	(32.47587191694172, 7.627296451436722)
400.000001810177	(32.53851997511211, 7.852384609208007)
400.00000010736875	(32.519043267851764, 7.7878296334107295)
400.0000021571992	(32.526203161593614, 7.825261886234713)
400.0000000000181	(32.510798266794964, 7.755560253256503)
400.000001782637	(32.47840358942947, 7.627956273171023)
400.0000012487783	(32.48873415895257, 7.665745450614881)
400.00000642143954	(32.57086325735486, 7.993698249224523)
400.00000144756905	(32.49804678578975, 7.7170662891347135)
400.0000005815236	(32.4896220806881, 7.676781993554053)
400.00000271645973	(32.46877811345744, 7.591643147368032)
400.00000111906724	(32.539407614809264, 7.861284727945695)
400.0000022120324	(32.493269764200356, 7.701090711842946)
400.0000050550099	(32.45601401838944, 7.540065060167026)
400.0000003697055	(32.50002039467336, 7.710967026674291)
400.0000010455512	(32.4900235231327, 7.6833766227285)
400.0000060580668	(32.524328163663235, 7.82717110593263)
400.00000007568076	(32.51323462392611, 7.766986839890864)
400.0000005617427	(32.53123439889737, 7.833926675452228)
400.0000014910417	(32.51228214172595, 7.750775039410181)
400.0000006217528	(32.528045673022596, 7.8247623174110075)
400.0000000469094	(32.516734926178536, 7.7781811760038)
