400.000000940709	(32.50997024470502, 7.744199866656198)
400.00000703063694	(32.574064511206586, 8.006125103018913)
400.0000018946422	(32.52323757765148, 7.791366645617588)
400.00000365470464	(32.47592213341664, 7.611954641378537)
400.0000119980386	(32.606906514019066, 8.115623083627025)
400.0000002771688	(32.52541507994139, 7.810934136283528)
400.00000076383066	(32.4940643228564, 7.6871215549999)
400.0000008481447	(32.49459872058706, 7.700704926679518)
400.00000361980125	(32.52470048337765, 7.792325273142792)
400.00000027133933	(32.52063462433646, 7.795914658544253)
400.0000027110583	(32.5029775498957, 7.739971319146712)
400.0000000240568	(32.5065785287903, 7.739305895919703)
400.0000005697391	(32.52516176196991, 7.805031382396405)
400.00000340595165	(32.48834718930503, 7.65688076295667)
400.0000060390595	(32.56902262793262, 7.986405950333079)
400.0000017349285	(32.47446422689707, 7.616866081392943)
400.00000122229363	(32.54065927303707, 7.870521479597782)
400.00000189935423	(32.4867159875986, 7.655730154529831)
400.0000000362206	(32.511512791092, 7.759886359996779)
400.00000272925297	(32.50960454594205, 7.737005147327076)
400.0000021794517	(32.549553168508055, 7.90601725042861)
400.00000119904234	(32.54033273719014, 7.8693149105115445)
400.00000056436215	(32.530008801944696, 7.830540986083692)
400.0000010999787	(32.48140813147473, 7.645187543812631)
400.0000038016869	(32.45861946428526, 7.564198639728752)
