400.0000006940751	(32.513433515013396, 7.7584599166376185)
400.0000006280303	(32.49924095238743, 7.717838690335653)
400.00000023349577	(32.49850914831694, 7.7110636995348125)
400.0000007934607	(32.492284972875, 7.6807707715225195)
400.00000094540644	(32.53777774474705, 7.856548978695458)
400.0000018648061	(32.539022656814765, 7.869833431989289)
400.000004098709	(32.50701509589567, 7.758566766531224)
400.00000388342835	(32.53833958021459, 7.844884259514186)
400.000001306423	(32.4945308718024, 7.685927292412657)
400.00000145789	(32.494750853808554, 7.686087377248786)
400.0000055575927	(32.55106458058854, 7.891562170293412)
400.00000024846565	(32.49722190253797, 7.705508858469233)
400.0000012890321	(32.47951644841251, 7.636060811806629)
400.00000077309664	(32.51619517087133, 7.768612951199697)
400.0000029328423	(32.556625486965345, 7.93260009424306)
400.0000009923119	(32.53854243346511, 7.8599028167252785)
400.00000048200957	(32.4976251805177, 7.710344781607006)
400.0000012802927	(32.499033262402676, 7.7023128983973566)
400.00000550738815	(32.458330723135646, 7.570252663126085)
400.00000029552785	(32.49853654157736, 7.706638779215786)
400.00000225671226	(32.527871799558895, 7.808246199070063)
400.00000348166685	(32.52018378659499, 7.806614976252036)
400.0000012558965	(32.52966883927849, 7.8191092655312815)
400.00000143984295	(32.49615261828123, 7.691217677785835)
400.000000717763	(32.488457029432816, 7.673932847704202)
