400.0000026645794	(32.521920441988456, 7.784005262526223)
400.00000111358327	(32.54017679995074, 7.8659367375341915)
400.00000422897557	(32.56451182494183, 7.952108635418858)
400.0000003462033	(32.51784040582585, 7.777600844252432)
400.00000148776434	(32.48122654798572, 7.649487631411558)
400.00000044205945	(32.52135393577759, 7.8000236171787165)
400.0000002862402	(32.50716174679384, 7.746320864760259)
400.0000025479693	(32.46697661047706, 7.587985295542845)
400.0000078085062	(32.464766983642086, 7.563135565462994)
400.0000010173653	(32.48252161773847, 7.6491905720315145)
400.0000005193762	(32.50088744409301, 7.712896295585048)
400.00000261303154	(32.46552068324459, 7.585001121452116)
400.0000028611398	(32.49985485109902, 7.728408922769133)
400.0000000902587	(32.51701058993646, 7.7772991937547)
400.0000016672413	(32.50683112529364, 7.729695915265445)
400.00000240537634	(32.467526157792335, 7.591568156167298)
400.0000034047672	(32.46785067942818, 7.585229346226695)
400.00000372163686	(32.511840565386294, 7.775968022973649)
400.0000063096057	(32.5284229168422, 7.801283596934397)
400.0000009838268	(32.48890594266475, 7.678378391393803)
400.0000027635151	(32.55066495481427, 7.898720295541377)
400.00000388360144	(32.498529962891645, 7.72577031011828)
400.00000169820595	(32.47461614400572, 7.6179112948594145)
400.00000199027545	(32.527844957366504, 7.830690136050041)
400.0000020921254	(32.473434633883635, 7.619744066813228)
400.00000364098076	(32.488615755892354, 7.657263567199279)
400.00000150355083	(32.53845455896007, 7.8660177425521365)
400.0000035534156	(32.51891021683106, 7.770272342326829)
