400.00000343304646	(32.49107486896626, 7.666705680727128)
400.00000264912575	(32.53270663782533, 7.826022931606644)
400.0000010396648	(32.48334873525889, 7.649823921134454)
400.00000015441356	(32.50837308255656, 7.749726089172574)
400.0000019218447	(32.52125337374514, 7.806374327357903)
400.0000002265719	(32.49770877618902, 7.705447057707861)
400.000006057434	(32.55636542291943, 7.911775741309986)
400.0000029088305	(32.46420854552136, 7.5835108120886785)
400.00000221166016	(32.51439199799305, 7.781766771047449)
400.0000027434687	(32.464754479224986, 7.584086837529408)
400.00000224556123	(32.516544937114155, 7.7899034005880825)
400.00000029415475	(32.516956984010626, 7.783014350357033)
400.0000004654492	(32.49649611471214, 7.70559988972769)
400.00000118829934	(32.51766397471433, 7.790516590791647)
400.00000233805935	(32.46874674220038, 7.594861576287683)
400.00000088246503	(32.534617202045915, 7.842069991895273)
400.00000034461954	(32.49861972740636, 7.713100894502558)
400.0000003029658	(32.52601662575448, 7.812441020944962)
400.0000028838886	(32.50407256964985, 7.715914676934696)
400.0000005544257	(32.53151735668449, 7.833940250680005)
400.0000023852008	(32.55380637245025, 7.917106892442279)
400.00000454715644	(32.56984318985926, 7.976210813632087)
400.00000056963063	(32.49011301580547, 7.676322635355185)
400.0000028256982	(32.546246038755285, 7.879890658804796)
400.00000316569384	(32.5516397819761, 7.918272664611343)
