471.5098972626076	(32.64490419800452, 19.76157163021984, -56.49827712797106, 68.34600855434682, 15.108558222214535, -13.511831031050752, -34.564665028780446, 18.914833482641722, -80.61515037523294, 54.317490604638564, 48.96624533970562, 10.140011296524438, -78.33198483893047, 55.25592398596602, 0.3481670403659055, 15.109006373868489, 15.960653278014671, 19.758817873513813, -74.95796412868806, -28.207631182654392)
476.22828574900103	(-25.85812225817304, 30.822354321856103, -7.693211300670142, 28.918954773372768, 13.161900164299263, -40.225992605502306, -46.892023656194304, 14.648759262076029, -82.21852184620285, 85.73313908987882, 27.604233855206488, -30.84195556563263, -82.31474753694411, 59.88032042527692, -1.0245939708070193, 12.43207764139933, 12.397918911395541, -20.001326783540996, -68.93974543158632, -6.111662381045027)
477.0510593422292	(-4.165295248939966, 42.40390359476211, -10.435966962548784, 36.17253331467607, -28.431123006232383, -39.05984751946187, -48.73717844574271, 13.130375275291915, -80.55783901425276, 52.426343436653745, 50.50758677186793, -2.2179655031158036, -72.42957508154166, 53.87747524691053, 2.411878843639791, 16.75327200076743, 19.3349718675743, 39.99392454188778, -65.27646773544345, -10.025949892962917)
476.17426637974233	(18.938970095033078, 32.48316545087769, -15.591883744944498, 34.43018469434657, -9.028399488565649, -35.814493223214505, -45.25536327996678, 14.387967393782343, -79.26120883968846, 53.561979306843064, 55.30824828628118, 6.9687278603397935, -71.56846160413116, 50.08283694207212, 2.4937194362876047, 17.45657538262815, 17.87570120395735, 39.97680500256328, -67.77206967209524, 4.4649980842601975)
476.1439424874361	(8.95578067559931, 35.801228411358444, -12.686046391245933, 32.69609232331467, -13.25057489022975, -41.84582410745612, -46.512179692771944, 10.989675904587216, -82.80068648597972, 61.92505826804388, 47.605471191595576, -4.0980088583702, -73.87350462545481, 53.95481490047813, 0.306282260985165, 15.719726510962309, 17.009607272135053, 24.054872180468866, -68.30784565665965, -8.669392487384318)
475.6190347837832	(22.42503561138291, 25.62029269146246, -27.834773033178035, 36.66149224488024, -4.315828987417769, -37.849699600123394, -44.982406010598915, 13.840424675622963, -80.17814679050622, 69.5777116160694, 25.47001040781046, -2.4490188365731544, -84.95068449582139, 53.74105979422852, -3.1929508847273294, 13.59761667004583, 14.636814047079444, 11.655357751460446, -77.06301868239336, -7.048728986515623)
474.15301485458815	(1.614619157208487, 40.65551764023529, -2.590357586337877, 30.926248702927456, -43.8226681894747, -39.461397677429225, -47.85016187774368, 23.51464082075244, -59.25567925451926, 54.043531128253704, 65.54459806369248, 1.2514305998567175, -68.86425417894084, 53.16787423941849, 4.37471119794976, 17.694025241303102, 19.812920660429924, 26.83390271102603, -63.226067928036336, -27.476413384038676)
474.14850204722035	(24.89024787063087, 28.591719648049843, -31.367220275608656, 44.87969344698197, -19.005103243313876, -37.79720875801527, -48.343961270879824, 9.417625643483587, -82.25446404910227, 57.8442663658435, 42.48626287234029, 9.113611481276447, -76.85274679592938, 50.309332925498325, 1.1288314234585237, 16.501842305263686, 18.20417048752791, 29.936054914672706, -72.98601744291648, -8.826828371531892)
476.31362092391083	(27.894142224635218, 36.61696638434997, -41.929293817658305, 54.45688850740435, -46.18710180762371, -38.31284645771984, -45.6696491619532, 10.957547565002221, -83.10118324504738, 17.29457052403324, 23.358305954712993, 26.6171856021991, -80.02934934993164, 53.220143789546654, 0.6724748912995386, 17.408142287410826, 20.81642999363566, 91.0081507848014, -78.73799365396972, -10.44483389549028)
474.62223955765404	(22.12136508337455, 32.53473233913293, -22.633253192202982, 39.363896170167045, -21.755470674464405, -39.01588506873852, -43.833103857149744, 15.584893538420951, -81.34686622814604, 54.793176575216656, 52.20166570522774, 7.530588199329382, -73.40656514974448, 50.08309055169421, 3.3713729667015957, 16.786228148204778, 17.28766488575086, 36.28468149258298, -69.8602005233788, -6.2409192123224715)
472.41843468656157	(26.78873577854704, 28.049316321637647, -36.60960841111004, 51.90038813041201, -28.351165428986622, -36.8339945165229, -45.26312609451256, 12.674200100736353, -82.48042202647561, 48.77770452878455, 61.17468738209336, 16.587435684758493, -69.0218567799319, 46.57592788132267, 2.9791795316049177, 15.763050610993893, 19.615864867952475, 34.75187486434717, -69.04608424041224, -25.91273425413854)
476.5758466671466	(-21.533379727731294, 43.17628232514364, -5.458817902662109, 33.571811272758545, -20.35278177183749, -39.04899548621914, -45.25551279150448, 13.501848748259754, -80.12040848792957, 53.69310878534267, 50.06375921094719, -6.045867210166057, -74.84319085927775, 56.51547560903754, 3.2134863157965357, 17.009298458010935, 19.106514726637705, 38.71566047797962, -66.42070882871471, -5.7574099652027515)
472.0434824175205	(25.19626442383747, 22.55259802716958, -28.5819276103821, 44.822198768224865, -22.896562277890773, -34.75255596669459, -45.56075965184699, 25.832548104097967, -56.55854977781238, 68.82619200003657, 69.23240368838714, 6.357612756413446, -67.54550852108996, 46.33464033852274, 2.883324961170705, 17.92484162507283, 17.13110589605376, -4.69503967921054, -64.31507347729834, -37.60759708623123)
476.71597121259	(2.017556360592198, 39.26628275738883, -6.581519414775544, 32.04004788951117, -2.708215946457663, -39.88985125478342, -46.39609722363168, 17.1584294752119, -84.60649046046706, 58.44957034685049, 59.04406993675978, -3.185038215855856, -72.02496945847902, 52.12071186582826, 4.509699330589813, 18.17717072231316, 18.39895832120739, 38.668334214437465, -64.12022513165957, 9.358260687965869)
471.4767988778125	(-17.833360685919036, 42.42633212909607, -3.5830968673421415, 40.83243293852762, -32.024397499877246, 0.2424264007378754, -1.4306395235804674, 57.841080523274854, -35.792639565360936, 41.90440446031882, 74.76443443389117, -1.7010411463048967, -69.15141899087357, 60.62759585393125, 4.597720574192112, 16.85746185458565, 19.464222538678534, 24.670518556915727, -59.9175115169553, -57.46491964814041)
470.76664555773743	(-14.118981153903508, 39.05043894786777, -6.094859874352994, 34.90738505848041, -30.32191405952386, -11.905109552378782, -9.834674204970895, 55.660982511896684, -36.627642480064665, 63.48892148354602, 74.66926421088664, -8.711194199635946, -66.70360923077618, 55.66194199372556, 2.969205607172121, 16.675466837070477, 17.998983160544245, -1.0319206206329747, -57.48139563426685, -44.47805334359157)
473.9589362936752	(-13.699883236316955, 41.053851169070754, -5.040011409465677, 33.21501814219259, -31.389437382965674, -36.35822848181561, -44.95572432857275, 19.37886061891535, -60.107395692128534, 62.11749660033688, 66.87413828157632, -7.470663591602723, -67.85862209702367, 51.914269401575936, 4.836777867184418, 17.82769218269303, 18.447482117034802, 10.991512594753985, -60.042409613683596, -31.29609911030819)
476.4123416781247	(-8.031038181962437, 39.647050679292796, -3.8879713440677794, 30.24312752104325, -4.587483246003954, -39.52450746956425, -44.69233902299966, 15.23059514199985, -82.56821674768557, 64.96515495592642, 56.246645923395164, -8.503496751698528, -73.94680419779931, 55.75280898095966, 2.6713142009131166, 15.702457132843321, 17.475995174932706, 25.309797074939333, -63.5015425491783, 2.8387526381907424)
473.5904784288784	(25.435684968954025, 24.879823081829993, -29.188843481103916, 45.44608566832583, -3.1176097469781983, -38.5599688952828, -44.32876035237721, 16.504696041400873, -81.96878766425051, 67.97136952702735, 47.69843751654108, 2.9460886556627996, -74.3225278841062, 50.38370872498687, 0.5828317858585934, 14.691145005587236, 17.10561885267662, 13.566156746884468, -70.15682663212498, -9.378002312477802)
474.36239801538255	(18.996026785557937, 30.55682098391329, -19.53450359674906, 35.33153606180062, -21.328706365031316, -37.079317058140134, -43.235084782737744, 14.39849542524746, -83.56399802446062, 62.919152818186156, 50.921203395372146, 4.49296286314777, -74.98971498899597, 51.948196604957566, 2.399176700182892, 16.159493955917505, 17.977833251290814, 20.81652786085508, -69.85059380951188, -11.695831977900445)
476.2616176125208	(-1.8881124613679066, 31.494840883901006, -6.519811404767173, 33.61307448723553, 19.686157171291914, -38.74564738208595, -46.53657808181734, 12.236587452962418, -80.79096121699729, 80.63785474677225, 54.653860764441, -19.764353974815275, -71.86893638370834, 55.72829471328072, 2.4603062575088224, 15.22240447295312, 15.706479249890076, -3.11805898603782, -62.78026492845218, 5.21161459252489)
476.2794923439641	(20.492479427742587, 37.98261827439386, -18.52296353215187, 37.6792769223736, -35.56034364368966, -36.563024814928056, -43.283748805297144, 12.53933705155107, -82.56186984708721, 34.10793170064313, 58.00299947972149, 20.311216087976106, -70.69377128864089, 47.172302568871004, 3.601337198420623, 19.312944794469658, 21.871551937814655, 76.73354260985757, -69.9558614847102, 3.207606744331716)
475.0842647788857	(20.639622753913017, 29.033118809835692, -24.56229553967714, 38.628124223785115, -4.886016785013731, -42.11796020679911, -45.68437799310333, 14.189729399419544, -83.59996157980883, 63.16672049951564, 56.778405617022386, 6.565793125438281, -73.789837796109, 47.855761361925886, 1.5766920813716818, 17.302667449859534, 16.872024323553436, 29.988113541585907, -68.74744545745546, 3.733530302567326)
473.48008274040524	(18.50093223961423, 26.254048441635824, -17.66580245657405, 35.25863661110661, -16.185285993842708, -40.178600649078064, -45.04740133329311, 15.27256348325067, -79.8105055684866, 73.00156327293998, 56.21022043987678, -2.002746000301395, -73.1427068961174, 51.972299510415475, 0.5573420332729531, 14.295510023914925, 15.63136866814478, -2.511002770413382, -66.82411682636166, -19.848923516174292)
475.10324792948313	(12.165580506116813, 33.674450005313105, -13.151922447163356, 33.20480743884537, -5.977821389304179, -38.38056434259656, -44.36477868749407, 11.050966666647572, -79.56594396281766, 65.97658173367977, 48.94590402530954, -5.230443652528958, -75.23138557090213, 52.79930380849484, 1.559774870928085, 16.312565086127044, 16.946439731249082, 20.718394951718597, -68.27054000597856, -1.3288447924547213)
