400.0000069395832	(32.55148847389549, 7.927801792214093)
400.00000631490667	(32.48343663896559, 7.632844435223318)
400.0000068572153	(32.49284780919247, 7.666344372794252)
400.0000019618244	(32.519880026926735, 7.778196221291185)
400.0000039463211	(32.55869343499579, 7.944819351499563)
400.00000156229777	(32.47907165604056, 7.6406821164660865)
400.0000008548444	(32.527123300653386, 7.8110272047836755)
400.0000004477946	(32.49437298413799, 7.6909619411523416)
400.0000103214729	(32.533899355418725, 7.869173571376228)
400.0000022603496	(32.53003209231965, 7.8166997767409025)
400.00000092137185	(32.484150492881234, 7.656414865793736)
400.00000128270136	(32.51968907521597, 7.779827747666423)
400.0000055070081	(32.51950894125464, 7.768575712932095)
400.0000034116677	(32.4611082051648, 7.5642603905246375)
400.0000076249905	(32.50046968376363, 7.693349007545006)
400.0000024238998	(32.549778320307205, 7.908468869426635)
400.0000153443352	(32.40111585796063, 7.344514042988338)
400.00000945661395	(32.59458502396505, 8.077677633929808)
400.0000011147366	(32.50308796229158, 7.717848732772475)
400.0000007841614	(32.48695972121419, 7.663718120162708)
400.0000021173971	(32.5468941274851, 7.886053075303055)
400.0000018303669	(32.47873721395745, 7.64106337965312)
400.00000432841847	(32.55532318068833, 7.912165122059375)
400.0000006565239	(32.5225363830263, 7.805726870736576)
400.0000044714103	(32.56966635848832, 7.9766018945830215)
