478.21063348231945	(-2.2264162060779706, 29.659198166467277, -7.297419572386237, 34.476728513407984, 12.140834922900488, -37.53814705735237, -45.3704177590111, 12.49874627938893, -84.95457105776163, 83.55412712686457, 7.771250922962052, -23.58410103741877, -77.53536746743391, 58.80354491829679, 2.043909652684635, 15.15209349922368, 11.607304817950734, -16.63362847870639, -65.17912376066485, -7.694072630291301)
518.7667442418235	(37.828680211255026, 34.33441080678079, -48.84635922027422, 76.58400727884847, -71.07414181822853, -30.772508470877625, -79.52864973577182, 58.73732648652536, -29.77268303741354, -2.6381242967091305, 81.80853233671908, 43.65908324383983, -60.57364771515635, 44.87307231833932, 7.524211077402177, 16.821512843159365, 18.504270121309474, 89.06315364463909, -68.0671383187884, -60.305143420781235)
474.2321825746048	(10.304504235369759, 34.47708571823306, -5.864985859250017, 32.36178470207303, -22.647508399489823, -36.64208402327985, -48.19561619788209, 15.009569671171235, -78.60103846203461, 66.35546670299445, 62.72900736708959, -3.37863863389489, -69.56420087748224, 53.84349682174258, 1.619650316032117, 15.912950431829902, 16.565878601323593, 10.822299042401577, -63.49698264175814, -22.62008672088465)
544.680974376201	(9.658375919513377, 30.73209835117413, -32.73900233194173, 13.096621551490786, -1.3967037410533067, -35.71931742679764, -43.7043247097147, 14.172032672502564, -79.78635264508064, -2.796862867568518, 25.49240320957411, -21.707321810924324, -100, 81.51459200775763, -50.941003313650796, -33.834472130939034, -33.42303234082243, -54.055044622091444, -81.31992772928191, 22.427424977776802)
42044.19755250269	(-34.55628289345252, 82.84466199019008, 22.37346620328032, -19.29456510180222, 47.212512999798896, 80.77917634939075, 3.655375064745558, -10.29480584403489, 75.16959970487626, 92.45613675670357, -2.3451932847032393, -67.7331957095614, 30.03403559109571, 78.91321707272488, 44.62071134686344, 37.09440218630816, 52.23822250804402, -89.60863880755818, 24.284413211922352, -79.30339283793157)
471.95960856217107	(2.657582653249091, 42.76552016776633, -0.3013412070184902, 17.307580481632257, -39.867693612163734, -0.08642327239509585, -3.3509315770543115, 56.619413656326195, -36.026737053687974, 34.14663781960376, 75.18241193157739, 6.823939439758124, -67.9278112704929, 43.95533064344202, 3.9910048441396144, 17.345976802375763, 19.087677347037673, 36.49664885176485, -60.18646873875622, -58.69174749954963)
26665.908971276254	(81.72450201688419, -13.158649224287796, -68.42351346424908, 19.459761678623273, -8.960113651716608, 7.664910886100017, 79.31149760952529, 74.19629271201696, -53.942164478996624, -15.385873011087982, 34.912350329974416, 78.69280080334772, 30.121496062227397, -54.460867420053496, 29.030014215541474, -22.553610175481424, -60.50073589840487, 38.48411216191146, -15.805789252652044, 15.461227978022169)
478.53293520956333	(-64.29055549155956, -5.873018617135124, -54.87325640764404, 70.91441861816361, 78.38463376990204, -5.623075544004376, -23.341901221584965, 23.35768939632521, -78.35393869054614, 82.09268721178032, 60.586790497713295, -25.03276479481438, -70.01722361930992, 52.80014856285375, -3.954996278561007, 8.128117936067193, 3.6117829280108342, -50.91550952801144, -63.399323741096865, -6.6873179799581886)
21093.848388581344	(43.5714762515836, 19.258339169476763, 32.41637018692288, 33.70451331675433, 69.17505390297625, 37.534024631290094, 74.17859411085875, -91.20486270005624, -15.654535820008526, -27.987510874580565, -92.42199295567521, 3.495482092985443, -8.251290251369461, 61.35022633137209, -86.67667088636325, 63.63279488868523, 64.24756941001988, -8.689764280077382, -10.375146887808802, -15.070637710993958)
476.93588496643116	(9.660397462375846, 42.68108303182578, -7.079806024679261, 35.995509025260596, -24.434702726537324, -36.714780915588356, -44.900224104753754, 13.257834599476013, -84.47976649185719, 36.618564111147755, 60.217527927942875, 11.436377039124501, -70.20545333999941, 53.10958450444427, 5.150509524196438, 18.833155493091397, 20.170676621164855, 71.4529146405777, -66.1077320988865, 10.204393686819664)
429.84090344656255	(10.738866854413072, 0.1513972981938576, -30.35351121132225, 12.563455955418602, 38.791890649791505, -42.381113624297186, -43.360366397357666, 14.840195662405046, -81.16376310670297, 82.40693327683219, 27.23125990094417, -65.40101109317447, -100, 77.95437932211748, -43.95318977449881, -33.95848379563928, -34.3195257420667, -92.90877190430679, -74.68946824584114, 6.708647101430222)
471.486749321139	(-33.06795015700706, 37.71712827377535, -3.17186513019063, 26.323477520605156, -25.846358738800284, -2.2073688590970786, -5.591268921220733, 58.0897884173597, -36.51134511533004, 50.467502166633984, 73.23395869481345, -1.9578292668108213, -66.75258126396824, 49.303034090787854, 3.326234878807853, 17.300203394047767, 17.111091320960917, 14.246968454492784, -60.34340922932901, -55.723883199030816)
571.3762083329215	(-45.94039901789352, -24.91544714756218, -22.67768352186591, 29.27790114408899, 15.325026232035016, -40.92788818093583, -45.025608918479186, 14.97064952069276, -87.39635329911218, 55.778279472001806, 5.171205239466572, -88.30920844775771, -81.53704298206705, 58.523029009720624, -8.322218908605624, -1.2522108298872365, -16.15370540696488, -52.090802189764986, -58.39490124833043, 9.185705251509718)
476.2500898050837	(12.909434458936587, 37.85749739382446, -11.296894833824672, 32.32777102194571, -27.802132241685197, -40.82634026683241, -44.80991991831229, 10.898407237254732, -78.63147704567346, 48.67838062562071, 42.98991944507556, 5.008088045391313, -76.39607352102493, 51.6573462650719, 3.9973737116210004, 17.73179207983565, 20.313931377083332, 48.08930285565812, -71.3773998215855, -3.9913246283261308)
3513.4388445308346	(42.089264391634515, 29.651918593180827, 23.79871044427703, -5.767606436452237, 40.97004909676446, 30.085275634833152, -28.653666891095064, -49.69026100035761, -29.440398252542906, -30.681467342980103, -32.16951969432039, -51.03648561604428, -30.50990911806394, 7.601596616899421, 24.39797897377619, -20.746376808415135, 9.146265712294833, -12.153023893937792, -38.77327023385176, 8.117937796891173)
478.8765094435337	(-46.87087674745216, 16.98555138817021, -17.774745538453104, 32.54469339105337, 20.227177774422955, -40.698933920794126, -44.99804697324406, 13.211491676165549, -81.41373641883423, 94.37331763339395, 11.95004447684792, -23.22514345995574, -76.39147095650655, 54.78676939313106, -1.1940007715645196, 13.662272036255608, 10.759975002601328, -34.02262100855066, -66.85305830203755, -4.758551900888302)
475.0700340948105	(7.465016861230389, 31.46178506635389, -6.916398557550885, 29.93121408410573, -6.7205531023812135, -41.50294597569066, -44.73119283284161, 11.907410932773198, -81.71782587788009, 74.02324420478818, 50.97502217591758, -13.005327426696413, -75.79100771298441, 56.15530752748235, 1.7300362989081184, 16.016503356723923, 15.679216557264983, -0.9578183911660683, -66.89778721002457, -13.195848089336037)
51688.83674571047	(-38.472866527868085, 89.42426829036717, 30.760925847060584, 59.73427846461402, 58.25763338239112, 26.059912251599684, 73.677462527067, -24.82190423516698, 18.802703877039264, 52.56508087660259, -0.40056950468514985, 80.61614273041647, -6.250569665724732, 58.738384684026926, 85.96726807193309, 13.780600149066188, -15.392131614068795, -33.513465571187076, 18.624139241759188, -24.61173401819704)
29075.816670989676	(-43.043033828527996, 69.69310312432229, 65.65694288600024, 46.50607705650574, -62.295537883842044, 38.597467365191825, -12.8691633301116, 13.4609228542251, 38.61126037315394, 78.02694956352836, -19.59827823325139, 74.06583452854252, 38.190440112716814, 43.16185927580152, 89.69629382327793, -56.368820129244604, 98.55151568689136, 53.517464344735316, -26.590038202857603, 46.331711153961)
731.0342578511363	(29.283463108327947, 26.379917491983303, -1.8650115061263282, 14.643381253781133, -15.72777614176828, -4.910362948030274, -28.375104440220866, -7.6976588306997655, -54.965495248863235, -13.929774990068346, 61.0063107346092, 8.758274020971557, -65.60728537306315, 47.12409779998931, -6.978842418067694, -18.73757807335294, -29.832507510791224, -53.40458148266889, -63.85836871931593, 4.057580296834475)
472.369790580375	(11.030536537594262, 37.61218557754126, -7.6524474194913354, 34.38085400944326, -51.23079235106852, -10.268781656669471, -7.3627146963540175, 55.67628987848765, -39.234370274620225, 55.583552518096376, 74.5635563901386, 4.875261338318548, -68.17520220557103, 52.03361187961303, 5.843074468922106, 18.188139965112, 19.343113812946413, 19.207924288089107, -60.57872349726543, -36.60517274691114)
576.866526698751	(17.497358516604656, 22.292791389686595, -30.778592552677438, 51.098093272102645, -7.906119037283144, 0.4265683634665782, -1.809484420844877, 61.807664343077505, -37.80395188953631, -10.842235796191654, 72.59885050732505, 0.18232064003204584, -71.47841366928571, 57.909405546165175, -10.29349060515313, -16.235239379330014, -32.7545086519924, -66.68028438804444, -65.2921948333186, -23.30335333020106)
891.094317143695	(16.01264271391111, -32.33315436358391, -5.819238183310562, -16.589526192029044, 24.821795686200264, 7.02756075908876, -4.565593065811731, 40.5745681598731, -59.24886837189178, 25.87445831115819, -3.3959278720733117, -97.41688527740234, -75.65719143440757, 50.351390190525336, -18.42396709553287, 13.822638488570538, 8.366833226892771, -2.05149503487178, -49.63717402641769, -14.211913008319206)
7171.166509103106	(-52.90779503717093, -0.6704802921671081, -57.64695977961161, 69.93571991364425, -53.0760551136536, -73.17665937103861, 32.298786822585974, 5.696264340673389, -34.04491638711714, 11.53828850249647, -64.79648309613478, -57.952924794276896, -8.300809795465277, 74.8299329112173, -76.6223715738772, -60.72295473396271, -82.88182852203319, 49.64199225752569, -30.951319470035607, 67.82231852272027)
521.1972358043047	(4.642822053738796, 33.95278282011094, -3.8442136504431526, 29.875790280388955, -17.413495810062425, -15.66484252714259, -17.595214078304313, 42.41885808723499, -64.45422386797158, 77.51540852449025, 0.3976007322783175, -10.597874366448849, -71.6158396115538, 56.73991211468722, 1.599861945886312, 15.178164717579762, 16.548306246615695, 3.354683233180099, -64.82635506245452, 1.815780266724441)
