400.0000030483044	(32.557352718297224, 7.926849764482007)
400.00000302796906	(32.48044927583184, 7.629735398598331)
400.000000164903	(32.49943465139397, 7.71242733050435)
400.00000452674817	(32.47591732769634, 7.609598399104001)
400.00000079375116	(32.50719366445575, 7.734487812965351)
400.0000028599998	(32.50127103410563, 7.733834033398943)
400.0000067033831	(32.458996304721175, 7.545276004890592)
400.00000011545296	(32.50246733984197, 7.725640611298465)
400.0000003011858	(32.49651425066763, 7.703558539742376)
400.0000002279219	(32.52038429741095, 7.788905290057854)
400.00000502100585	(32.47627849280445, 7.641613133159764)
400.0000008332452	(32.51354163517907, 7.773664571379185)
400.00000003115514	(32.5098142752303, 7.7533612328412485)
400.0000025557978	(32.50665375225991, 7.726398073421727)
400.00000667808445	(32.582180387045646, 8.02198773272889)
400.0000010418308	(32.528436803109535, 7.815250431654371)
400.0000015074938	(32.478340943436066, 7.629940599087664)
400.0000068681927	(32.469062149981504, 7.6169042914789955)
400.0000008317471	(32.48618536944461, 7.6650364821467125)
400.00000582228165	(32.47820601859625, 7.650928117895972)
400.00000243730136	(32.471731735166955, 7.614551171844492)
400.00000188338777	(32.53370239493213, 7.832562524656552)
400.00000186446823	(32.531953087760485, 7.825657642384293)
400.0000014142046	(32.47788379882545, 7.630104353716819)
400.0000017094587	(32.48241362888413, 7.655784939695183)
