702.2187090591134	(-4.2346996761875335, 2.0570871842035574)
703.580022857655	(-9.446770731538468, 15.352957460573077)
702.888393918014	(7.039472598162987, 2.7765792194445345)
706.368117375582	(5.885276669884354, 25.07372436577685)
702.4730232684444	(2.3602097677701384, 4.749975369535226)
705.8590191754647	(18.737818956698096, -7.761811791726263)
702.743784976048	(-2.2659655285624116, 6.552332877714999)
702.4672650983833	(2.389719701882638, 4.831160637238911)
702.0175071077581	(-4.144186955508825, 2.174655820157544)
702.0531639939633	(-4.089352944479299, 2.1389766962854195)
707.4522529666202	(15.140242448227719, 20.90057066030689)
702.3195942822902	(-2.12351863718758, 6.690026878712477)
706.1880579681653	(20.1690743265903, 7.8819162606090405)
706.3669566590928	(5.846798167935349, 25.03689307976866)
702.0589534916304	(-4.069391666213123, 2.1625722824617526)
703.5245791906638	(8.937042975907271, 7.430070156269572)
702.9894482393453	(4.417521771896796, 9.32762855068064)
702.2743071287957	(-2.1395283267837475, 6.791252015943528)
703.5156106197173	(8.915265779223253, 7.35193310566187)
705.0341082486004	(8.422835673310134, 18.559462538611857)
705.7041352333504	(13.162439488997455, 16.56127357698755)
706.0226782847457	(18.903479826481508, -7.72756007345203)
702.181305699121	(0.41380497366844293, 0.21516561589491773)
709.5342476255432	(21.62220742912763, 23.71234574108895)
702.2738554054835	(-2.1692279399420644, 6.7658943024409615)
