811.5149565040406	(-26.299255414536578, 15.496015474332465, -18.284451933202835, -3.110753804809872, 16.826514033733414, 13.445463681128343, -18.593405726646726, 19.640895505850345, -7.441232533475011, 30.29217000589191, 7.545205483578767, -27.49038798086431, -0.15547966865196056, 22.55561886000173, -18.23139291198701, -5.844818246558938, 10.191435010139976, -18.05332235917627, -10.923614754850712, 9.156281633409344)
842.0257171645464	(-16.81310255058951, 19.68644491061872, -19.243541111191263, 9.816841680006121, 20.948324054326072, 11.803212478307014, -13.69809424918878, 30.048683301368037, 4.2436592402756625, 34.857972096751205, 23.012813183893215, -31.598650104616556, 18.45013480508242, 23.868639386228203, -12.798791209964705, 2.791298816958993, 4.882832186468942, -27.474191784857556, -4.306363527853423, -2.207738800945645)
834.2466688085856	(-17.257131453421554, 31.002136324226466, -19.41186578384767, -15.305569520745625, 13.36474679709811, 11.427454706521038, -23.32460659151029, 24.735334420669428, 8.478224804457868, 35.91078413956997, 8.423920562112427, -38.737295384578495, 14.690326438012521, 23.38464813571931, -11.795302820564078, -1.1858923707585416, 9.448989534328181, -19.554071825578205, -11.393344652951708, 3.5427006271407047)
839.2104815219607	(-11.433122684589208, 16.01443748546411, -26.479639913617955, -10.510749648164879, 18.949499903898964, 22.897548488383208, -21.602052785857566, 30.73846032171204, 3.0225869397970175, 33.05738714705275, 8.665319148321704, -46.04276183774962, 24.3945164176446, 32.82452430318616, -20.459147986963874, -5.844011353429957, 4.460702426926437, -22.610818490355296, 6.652118598599763, 2.2448383159787966)
839.1459140195454	(-21.741355800926584, 11.331928813121532, -27.822771405943246, -12.266701332418668, 21.205433972204, 7.513174568037681, -16.591143657282977, 25.462221878285263, -1.9700210906975133, 43.523606196629565, 2.5271805160184595, -46.137083277011996, 21.32963082102348, 34.62518680578467, -16.43817775880417, 4.0291642256054985, 4.89449187897683, -17.978998922907852, -8.027055194970368, -7.700401147386441)
825.9881258183289	(-23.55324042454286, 27.029354266453318, -27.446570935879926, -3.4953540559973098, 23.700555492940676, 14.788559716211354, -18.89644061220323, 25.06083993672654, -12.065449022144918, 39.49975902748362, 3.17774133562017, -37.38459099427466, 14.69708592503702, 38.567561338592824, -8.27108134479555, 10.327324168849039, -5.5899183384071645, -7.282603912539278, -8.318297666199824, 1.3790868737231508)
839.277955885083	(-16.287666528504026, 26.662919459411793, -17.53634054998762, -3.38574414977133, 31.812180722432792, 12.957846164762254, -22.948035885431175, 28.904200722362056, 2.951133629411145, 25.654337374514817, 37.34395514328533, -56.29509550110023, 23.75266382120744, 32.75137367524575, -4.11524619369948, 7.866427473326757, 5.9175970958046085, -8.988047724883085, 0.006862124145815884, -1.7534164432534052)
837.102081032599	(-27.72657904602476, 28.08339305544149, -33.57406076059217, -3.696664320124462, 3.928648943445623, 9.859947586649755, -19.10545652486183, 29.192148855163417, -7.236515202843759, 41.54607619625884, 7.659383271396761, -36.8657453391427, 9.300796816325223, 33.22778688371982, -16.067422595035673, 1.4210503147365703, 13.590481224138006, 0.6332174073232393, -0.16791980822803634, 10.253858656146077)
838.14565163648	(-26.660183579168798, 21.154256782195887, -11.963144103735072, -1.7761694801093402, 23.529313988277426, 28.23825771528885, -28.68682652852105, 30.705000731883317, -3.3776803627295413, 48.24338749931655, 18.05923665679603, -46.83568250006168, 0.11873067465637427, 29.898486931685092, -10.069761806048492, 14.186151775519729, 8.127726645083014, -8.733772689288003, -12.109412209928681, -0.5067768445471892)
834.4129344954242	(-15.49835513118183, 19.75478686501089, -25.51288719348305, -12.03832924772671, 17.22271993616794, -0.9062020600013527, -23.555183466271636, 25.35698850947434, -10.35954123429333, 38.82552285547715, 13.711615253973106, -41.71217019609727, -10.244662342702801, 33.604380377856174, -9.763291056500847, 0.7185092331103122, -0.03198844926281219, -8.747019722487266, -7.415304193690812, 2.211503662511729)
828.1610082360726	(-27.343233464170773, 40.72703532704869, -27.4642573738575, -9.49879289445149, 25.830533593455844, 24.77131087680339, -8.03566159032242, 19.97251364650855, 9.080044369933226, 51.521766932498906, 15.817358575516158, -47.33750555093163, 19.799074239945945, 24.364256078694524, -13.57719388922074, -6.541548755022742, 4.269762958897368, -8.556016744275158, -12.851760425907193, 2.0637963893142217)
838.9235958973904	(-17.601882141426163, 17.124988308037736, -18.2350022244559, -20.12983173510897, -3.1039575298140245, 23.60332443638319, -28.498823835914624, 13.72118722076237, -21.396211894332886, 27.615693062562837, 17.726927624636133, -53.41668335377395, 4.706153751375918, 18.72814088226356, -22.687787776540215, -0.38340388669224956, 8.890166361961237, 1.5300648955201446, -1.4752226582003536, 4.013715899185662)
839.7984032591696	(-10.329853171521593, 19.32701544024005, -23.118172364291965, -16.54713570570819, 13.162647609174211, 16.183737619920315, -23.060809940224047, 19.27224540795411, -12.087025615364299, 42.08101528794668, 24.121312484101356, -31.054256642771332, 16.656514662367318, 44.37200377346715, -6.509424809237413, -2.0088538484600957, -0.5268001324316263, -9.046049154708824, -16.972911614304994, 5.131106114530063)
845.4019702328503	(-19.85281986838689, 20.05322129435029, -17.146746695776212, 4.230416770164493, 26.443180142004255, 20.214512355236025, -12.529468321238554, 39.2293213491642, -0.9084432164696314, 36.75442091394755, 22.315505721063044, -41.15499613310083, 9.624152122999783, 27.239860812969134, -10.620594414365991, 5.660354706874131, 6.072519654562147, -8.107988808471902, -6.4258744746696195, -5.11633719517173)
833.2853677693688	(-12.693803037471552, 34.28755292829877, -17.800394654338692, -4.854615159172801, 18.804110264877057, 21.89265284808933, -13.388049698788537, 30.714586600228113, -1.712016432394097, 42.82151913724388, 17.7944607147088, -47.61409241885595, 19.768872503580777, 33.638641198442585, -12.60262108812949, 4.563884669279506, 6.99433065992039, -3.588740442875163, -4.311291194607871, 9.950794921341242)
829.9304851562877	(-17.355641584714746, 23.775063159330745, -42.8718294280111, -18.81889232916526, 32.13641278534028, 17.989030480048385, -28.27822653373652, 29.53869013434708, 2.694010066721046, 39.907843431079485, 3.830369926854683, -37.50021172080964, 14.090711124845281, 25.382423670948636, -15.47376429790005, -13.051375647562432, 10.726601610335221, -18.78370836647127, -4.207100627193306, 9.474158437196431)
815.9606770479124	(-12.108853383334193, 19.90083397200633, -22.316973857510174, -8.204731821928695, 12.243545618394815, 30.983585173415364, -13.531075001097806, 24.077576229638268, -5.776400571046286, 42.24064442769691, 22.298723522443815, -47.195373555382496, 14.954521221276687, 24.638111257454767, -15.412911262744492, -19.102326125868593, 9.513721858292174, -14.584871865424368, -5.431834969850831, -6.212267899425498)
846.6820090134726	(-36.63618329658244, 11.947880037392599, -28.919089489135974, 8.615102049779871, 28.009874209577728, 15.746347931680193, -22.864104153616996, 35.91885810497821, -1.4497291894279152, 36.80812599157446, 23.350112995358316, -32.172663416610995, 2.986891907455512, 18.5866649078805, -4.781340430605515, -15.190289101257676, -6.902001312175792, 1.703326753742718, -5.579770874260143, -0.3613576800921241)
848.2470198225548	(-17.081006440572008, 8.3129479051998, -27.55153141610264, -14.99990852234732, 9.462270069527454, 41.29985818264149, -23.8306140047543, 33.95874535003826, -6.684218640657069, 37.746038941848326, 2.5918102904229845, -42.62934175645378, 14.889589010667757, 37.823517753584284, -5.718421507316487, 10.666300203394087, 0.8303169362025344, -18.00802281993043, -1.051363165069939, 5.1562684531813785)
839.53391223238	(-16.969534711533555, 18.974708619719813, -32.10784651174036, 1.8139436816191392, 22.507775764032314, 23.551187670382937, -13.591033486324964, 24.369008675555637, 4.190279474853312, 28.20697487954231, 13.25518591115511, -37.56083607376732, 5.222234496855185, 23.694565204587434, -1.955658478896403, -14.685685064029526, 5.725040324606636, -13.099374256920044, 7.659662173658896, -12.754502366175469)
839.1286809486828	(-28.219137664287985, 19.85043372666325, -32.16854964825823, -3.723149997032152, 19.42142394921999, 22.58490107021015, -22.214329294314055, 25.74180503394157, -1.6911268978142684, 36.260656982074046, 13.231299084996898, -44.94396405379481, 9.272578031332566, 34.048935802829824, -15.671422651551088, 22.732735816530912, -5.257399840197736, -13.486386217933477, -10.678932707098546, -3.4059168073113355)
850.2343136660221	(-7.024410724744398, 28.825694963968346, -28.672752643530238, 7.198217878357557, 16.8192554235552, 28.319501742133028, -13.98031645298164, 19.42988516794958, -0.7264198176538985, 35.32691176849473, 11.91471119284457, -37.0978001342664, 20.561048489082758, 24.65215416212662, -10.067728152359582, -11.466252161271939, 8.529625372765295, -8.339438505908436, 1.8317982611046952, -5.328103659849797)
819.5598784350942	(-21.6769786959704, 28.77245207215701, -22.88256984680268, -10.474728518906927, 28.269055022829733, 18.46775085221224, -23.54741550479601, 20.249123526700693, -6.223583472470435, 39.42438150280911, 18.67271906921812, -32.3593647513959, 26.13672195004248, 28.611976806280627, -6.646797926112583, -2.2485078129265847, 5.871694897859228, -8.531050580222706, 2.50647218104496, 0.5503442471083417)
823.5266376564996	(-21.456509896855973, 14.073515251971324, -42.3188623001757, -25.1715863465532, 7.700989003773482, 15.088860192985779, -23.42656739066846, 25.658773245979784, -6.4370728335704905, 43.68179557142089, 8.153396548690589, -37.04613199211796, 13.914633260478507, 24.62790158015861, -11.313326224618798, 4.257866385368518, 3.542981961608336, -16.327883648113577, -13.852482384317149, 11.520411162367054)
826.3909993618875	(-31.70140939409073, 17.20970238340504, -21.444894160112586, -9.337956609858841, 14.701490221257075, 20.880669370822517, -26.889099253982415, 19.84596854684963, -11.622024574344598, 29.450325721242045, 2.7301624873581702, -37.59968957062401, 0.04642974477746248, 29.90324868013475, -24.57755416927269, 2.103859406922344, 16.5368823187098, -23.469595625179508, -10.599602135925718, 2.6297056289183836)
