720.149025620062	(46.345341520923206, 18.258056380913132)
706.5027043497811	(10.4177657288051, 23.06905497765053)
716.560075039407	(23.246470213408493, 39.37153293940553)
727.1899420487501	(45.26717889120747, 40.54289444154357)
718.782626112187	(44.14467040933214, 13.773465377118589)
710.6055910195203	(26.19746789468288, 21.666226387884517)
712.1620382599131	(14.673215975646492, 31.864257421191244)
704.8658704744873	(3.824003057591864, 20.50527239655078)
718.9420566001152	(6.60250518591064, 52.009809363516325)
711.865139970768	(33.33121545834535, 13.151356919217356)
714.205624164234	(32.74847844178667, 24.144205177293742)
708.7975621165311	(24.143406759905478, 17.126202443825857)
715.9199750624734	(4.644217652470587, 47.40592837026761)
710.9273023628773	(26.060931814905075, 21.888073874111058)
708.8574108363196	(24.117692589977352, 17.03506711134365)
711.6034100576372	(23.592233445596023, 28.272222749944074)
709.3301803227091	(29.31212795529854, 3.8439167125614278)
713.9928025719092	(25.569233881782395, 32.85811437990839)
704.8679722721288	(3.8247100213908922, 20.49245501969792)
710.5930130180761	(26.18536050981775, 21.677041184105363)
716.1468600655171	(42.484691476858075, 9.142614615016816)
703.6961372393564	(1.8268733825439618, 15.918655620594324)
710.2143667763779	(9.814960435828015, 34.258151770298326)
702.999645974332	(4.430100591529561, 9.400162020136477)
717.7274691186196	(41.86141251012121, 20.30700884150137)
725.1233571782411	(50.46113150211273, 27.495068128957115)
