716.7005476215745	(27.555993233291364, 37.46523895481157)
719.2907426731742	(36.842209720609084, 33.48224764742835)
702.987773583965	(7.059166431141657, 2.672768436135974)
711.0570271549717	(14.682024809184641, 32.17078844340881)
713.9972554610882	(25.54550739338091, 32.82561868675179)
706.7273403057671	(-5.281992161576773, 24.098449409515506)
712.7147261722567	(28.09099594381483, 26.335241020482)
710.8667367165319	(19.04434382721904, 30.24085715257732)
717.5474806379555	(27.496736136118294, 37.75945363131062)
707.2500934568315	(10.63119128080172, 23.315405253256124)
703.6490833145044	(9.00408715490681, 7.5215669158444936)
706.5418453408629	(10.482523978743512, 23.12319810208905)
712.7094158200836	(28.210086343068575, 26.253984782358064)
704.6158610287464	(6.529465422560125, 13.64068484684447)
717.8739114081932	(32.03182135138329, 35.505417328470095)
711.2585867129043	(19.1514051689001, 30.42366024078101)
702.7449215354328	(2.953723093640658, -6.338335636613774)
708.9080692130229	(12.22815693357678, 27.89926837963301)
702.8825604386365	(-0.14627607811705878, 11.430515201597233)
706.7444467499796	(13.981439101178308, -6.297529535604473)
721.0480193540325	(34.04610663259665, 40.19119737073006)
703.4737391934872	(2.4279632156372877, 4.4059377220961)
705.4509955447436	(15.778014337334739, 10.050535650305424)
703.3408810652483	(4.482453632944283, 9.147395150552649)
714.4005275860342	(32.88463596681017, 24.14691052735296)
707.7914787902167	(21.944022189009203, 12.651402447661427)
707.2218641793253	(10.685836014736594, 23.226680158211778)
705.727315542711	(8.661810604129359, 18.69024387575903)
705.1497512910499	(-0.639396002466704, 22.427334303948818)
716.7200150542672	(27.59466826757376, 37.39634035317521)
