812.4048445024986	(-20.8918330514985, 23.56340196662686, -18.992066296744245, -13.113979269585293, 22.348485644495582, 23.27602330142945, -24.304888739949654, 24.47892913620199, -7.211292099509125, 36.161137743853104, 12.422949382507737, -46.41970354420514, 15.135325447904048, 29.302510498579267, -21.59416301067052, -2.573368215673347, 5.6190752396980885, -10.12852634976826, -6.145803001725198, 3.0916464131845194)
803.6535147328366	(-20.576726890862698, 12.625623890281076, -17.62504049260768, 1.4523581004069532, 13.73250989233593, 29.170347040978918, -17.87773010761016, 24.07503636746964, -6.880306315852274, 33.92736104029403, 2.590495878534016, -47.63985962852771, 10.206154348073815, 13.88825047311025, -16.959179153828288, -7.951970492360772, 7.139817737729843, -13.02733503843267, -6.744442533262388, 5.656010584439299)
836.3591642157605	(-22.934423018995652, 18.580745113670464, -23.193800170903216, -21.05826412437492, 22.289284409350014, 12.24325788850259, -9.438920611048667, 14.050844806564658, 2.3925898172801774, 18.56812066972462, 8.339014873079403, -47.406613504604834, 14.667479481984481, 14.29926453161764, -11.114501861462044, -3.1869079964978755, 1.9690481623492908, -8.621402263573902, -3.4430036032392852, -9.2590084937691)
827.5052385012123	(-29.54811223877926, 22.70422483354771, -36.55614420395445, -9.879948076518177, 6.3406445898005535, 20.89887155499875, -27.732258062974182, 18.918945849595065, 3.568829305158734, 34.7129246456862, 17.022863649223492, -46.43874137168302, 3.557626458942555, 34.80876179531121, -6.406429263112745, -6.9483994960300794, 10.24886287082478, -8.575610074073206, -8.036161949328552, 6.90146633191306)
837.1881986244045	(-42.50138098356054, 9.459096958808008, -13.370551480579598, 1.5849899528085512, 21.31536592157225, 5.4872974250273225, -19.079254618447635, 29.165017532249927, -10.82550749656058, 37.26902527460436, 7.613588560072989, -47.55460038073603, 4.029910600774204, 29.578285771385445, -6.721540623126684, -10.708519504677474, 12.071887932012064, -24.057110581739916, -10.01343431758401, -4.54825558929611)
821.8205576510397	(-21.863052322713383, 24.12727097493879, -23.594952488196824, 9.171712000588252, 20.83559132744133, 17.8338273566311, -24.45300006354819, 30.960085994561993, -1.1778511422441504, 35.660304375366586, 18.738231199784742, -57.325742300748956, 9.00195411755701, 38.75113178708369, -11.430261986619804, -4.017247046365353, 18.00898090143936, -3.0225585772735113, -8.756239993708085, -13.618963235159939)
813.1845292118138	(-16.84699847384864, 18.96025432960429, -27.919353766015863, -10.976564317859088, 2.670529412968508, 18.12839530966206, -13.07769243057034, 24.722028162927796, -7.229051836213635, 37.16030149787612, 12.991186381679022, -45.49421437905157, 18.300453095082105, 30.761711576259128, -22.689429941995495, -0.9246687271703273, -0.43899316853259296, -9.337817911532952, -9.959855985509504, -1.2835185306062304)
808.9706368675853	(-14.723338198386356, 23.10151925977929, -32.49464628115805, -6.7560910228456645, 14.846558130861215, 26.438426882379595, -9.500456311953892, 29.72429315614599, -16.480305453610416, 39.21490001990811, 13.91545481895657, -41.07056473192906, 9.148628004399246, 28.518400098420003, -9.8773962656246, 1.0745800033251816, 21.659905011168505, -13.184273098966532, -6.616046208500174, -1.7922504824226928)
809.7960100206815	(-22.215819392648896, 32.09664986905096, -32.807587301333065, -7.56973586825027, 20.102837651341662, 20.071451612528012, -23.479658049991855, 29.97841154367645, -1.8118194567193093, 37.35111196080832, 7.697357333530899, -45.90976350089966, 8.91181462805692, 38.33410551312821, -17.791443083690673, -7.407344915014204, 13.053823840245702, -13.452377858864176, 5.0462821223117675, -4.130531552873178)
814.5553990279482	(-21.5717255363642, 19.70218261718109, -22.409247071831654, -7.498641561153345, 23.227000981937017, 13.194195237749641, -14.267584941932693, 28.51798107740091, -6.951674011284398, 37.26086363050196, 8.262837922099047, -33.466374670667996, 15.169580556645299, 24.851206629557662, -16.165340471104077, -5.115612538831139, 5.577532287915914, -18.49339362131846, -9.965370933533848, -5.670290779862431)
821.8829189932518	(-19.959297062854326, 15.481593007887376, -33.15529921297083, -6.0764405806539905, 18.003443413484923, -0.8940935500825282, -29.597372514939792, 19.415764512579116, 8.245469550176404, 48.77796700082285, 12.659990047058967, -46.877360596088685, 4.0397092244447865, 18.185133196272176, -19.256044386087332, 0.698560400480815, 12.800031278376425, -17.713557137374966, -0.4537609046614318, 7.36550827167876)
824.0727908622295	(-25.127120086727903, 18.55176311041939, -27.042408838152046, -19.86046333694512, 19.41459786161466, 15.218291455167673, -33.199843655400706, 24.545457957827328, -6.724278314081417, 28.450152801235145, 17.582294885463366, -50.38560491254711, -1.4280729482172243, 18.337511771022868, -15.26456706393247, -9.171880379453999, 6.910499998992266, -13.677555541652763, -15.739999812049572, -7.508258055487441)
825.01792452941	(-6.337215956562763, 23.72447118426133, -22.54712487512767, -16.227545513289034, 4.448615278807714, 6.098181774152811, -8.81053577577131, 24.955705840992046, -0.9486932390898073, 32.718735452103594, 18.236955047090873, -36.51701276683845, 7.624054183346273, 38.54522935272588, -16.71511804456495, 6.121472792493874, -4.1915124185079335, -12.990403703669593, -15.655803414738589, -1.687111570461559)
837.3390156212021	(-12.573572789786772, 24.485860177479243, -17.023002793887414, -20.444019609557362, 6.385909635469525, 16.481767523348225, -13.106451405195184, 23.36763584179187, -1.7129349781422705, 45.64742571454146, 12.830065440902189, -27.21888120020451, -0.4889660222231985, 29.782965046647806, -14.58268021542713, -1.959682479287438, 2.958866314514177, -8.144356575945832, -3.1726808333844967, 2.0615912225593984)
827.102732920581	(-25.362547523341263, 11.373387064506163, -37.65638925779721, -9.095038035007173, 17.761321724554392, 15.354739139489277, -14.4771768581985, 25.043338418128986, -1.9320263053053865, 30.243149670537168, 16.46175175416276, -46.90121185558708, 24.87118499496568, 34.603585907143625, -17.720359474257247, -7.33514529540846, 0.836066871759983, -7.7007224741832445, -10.030613194210577, 1.044064935227985)
818.9579246537864	(-25.38334708370053, 17.553108782592407, -26.155418838381404, -2.7897186912945324, 14.469504427131316, 18.789063992145085, -19.684212640120105, 20.491191497303824, 2.502932527755328, 39.48567209962692, 8.492328841560374, -37.72590344714597, 24.418932919945803, 18.432033202934896, -12.493064424414388, -0.20325632987170028, 12.479418017592602, -3.3731535876094405, -7.7531328745991, -3.6956030565082103)
826.5060805752315	(-12.301160439264143, 13.471309930815915, -22.331395837520134, -18.260886599275473, 5.720452717821792, 14.46863521650603, -18.191516212593587, 34.778925284301735, -10.282275885433544, 36.90998498226275, 12.576013813800726, -62.037530447487256, 15.274381772878582, 33.726848541623355, -5.119739386830131, -4.522633388981548, -0.4844721440388533, -9.280834266743401, -5.18550671714095, 6.822329504885164)
829.8302693460453	(-35.20052788903286, 4.417285847933145, -23.495261069375804, -7.484920178384805, 5.280604704318493, 20.440745439518857, -18.913011679212005, 34.938887217074125, 4.557995487769246, 46.92828126086213, 13.540987730360694, -41.78424819010805, 4.131277810502449, 19.56508889390534, -16.898782532042105, 5.318021539406163, -1.5105308141081912, -3.290649879774602, -4.473023730299484, -4.329814988754652)
837.6210756246564	(-30.933167594902688, 5.508473865969718, -13.217128804569787, -10.897768636899595, 21.151469075326183, 13.507485435371976, -13.90870655534334, 24.78506044166878, -6.451270164457798, 32.33417800049488, 17.475930876103558, -30.839294918102404, 18.360074320735844, 36.42472463982345, -16.198596552821698, 5.979149699875284, 2.3119509487619494, -7.834515425588701, -4.410568156831038, 5.149092169826982)
825.341528242386	(-15.677230794891923, 22.96972597296716, -16.146558740937575, 0.41272611104939305, 11.404138652017195, 8.512773134142186, -29.104733241591706, 19.567716048358996, -10.916657437667391, 26.33950007332256, 22.928077011938754, -51.99257690523433, 10.127965665398001, 37.823867843248706, -12.209832216163742, -12.697800636305312, 3.684843199565482, -8.62240129940704, 3.307521232218132, 4.984806240591841)
828.4223659814439	(-22.365555475277905, 23.27255642124002, -22.868157774734897, 6.683262860068144, 17.840179876983946, 11.534992889643801, -7.60658776575354, 23.98664587846041, -11.21949256038186, 32.53011243043801, 7.993943438506312, -46.430749639550314, 11.692619485351944, 24.253259909246946, -4.326414804451472, 1.6130047922544903, 3.5735472058250606, -12.933102016164465, -4.047786621200896, 3.490484922197065)
831.6027225031894	(-26.19159732105744, 30.463430145140823, -25.07831314193307, -5.053171097933057, 5.707302066899197, 13.384113750153041, -19.036738228684023, 20.49788040578754, 3.418752613666645, 27.280130283837202, 8.084522405662867, -41.78306664357162, 4.99955825436, 39.307766244581316, -15.946284507618325, -2.38232791288647, 5.626781196244933, -19.181573064942814, -20.022248485121573, 3.8643952175945113)
821.754463858882	(-19.164268765411652, 20.49627747460559, -27.982581745510345, -17.655117774531718, 16.96412536676206, 18.75411169511883, -23.66386757529161, 24.96906454176467, 13.373279039634486, 34.103238338426166, 13.133923373686939, -46.832960823058386, 20.380596359855115, 38.55538772139463, -7.121469774424247, 3.362294235588094, 1.4876066243277182, -14.365669226589159, 5.633200613049851, -0.6208125241887708)
840.4001224733032	(-16.658063821710588, 8.639774360167694, -12.586302224085525, -1.3381825285049722, 20.011544167130435, 22.283410530663197, -19.88915587701431, 33.13634884027618, -7.251825048058351, 35.72545206560291, 7.721393286760561, -47.51982154522805, 9.690041726016993, 39.23045629531316, -18.435977461004956, 9.682793177356846, 14.768145888014432, -3.7843118652311647, -10.409433711873941, 11.412382713721145)
841.8418643035783	(-16.83568929403672, 13.807055378836814, -21.230452845714524, -9.096047671937853, 7.0164194533327136, 15.690248046300084, -23.49708250191975, 12.14770527537873, 4.068131813023016, 42.340716339167784, 13.156773771207625, -47.63670752498731, 14.39999882210533, 24.17409506000965, -8.869521326880678, 15.15970869192974, 17.26687374491503, -4.537235321872333, 2.731859385211529, 6.795077294019386)
