717.0619128691231	(36.978365005506035, 22.033482089673953)
715.0642194003018	(30.142652298421954, 30.85181131000732)
720.2315499758026	(29.29999591641841, 42.11128268868808)
727.1567880550299	(45.3025061351044, 40.59252399715171)
712.4884854007722	(23.88686369093707, 28.35731717034406)
716.9348411984856	(27.723869932868357, 37.4306796200552)
715.4140920326649	(30.11647173067529, 31.06873502355987)
719.3826254481718	(25.177170856521865, 44.1104344536937)
716.5555312864772	(34.60350620488047, 28.904805468834745)
710.2757175269211	(24.142684034158098, 17.551436832527006)
716.4728433650038	(34.692012568609215, 28.807511802095906)
715.1042663896686	(30.181224799597793, 30.914317299842814)
716.7569316287687	(27.628813794078027, 37.39185173036442)
713.9177951055777	(35.12368973338433, 17.727738431612433)
717.8008451667835	(32.17614987878255, 35.48864879672967)
716.7277244249326	(27.58574736187657, 37.37782019523783)
723.0643469876222	(31.455679529119227, 46.58883057704621)
710.6340543004719	(26.227867344238444, 21.672173275604482)
715.6685495038425	(35.552437842274266, 18.16180219279429)
723.228439035603	(31.658508594237837, 46.48448154154211)
713.2574067154679	(20.915255246124037, 34.8183156811076)
713.2587027674941	(20.910418146845668, 34.82732530363915)
717.7741929180598	(32.09656184459849, 35.42931698398656)
710.7365959221395	(26.03962473273247, 21.787602498983976)
712.088263118326	(18.57717988180008, 30.27945484693914)
713.0316321405799	(28.314725827634298, 26.40496247288907)
715.081338579961	(30.108895205269885, 30.819348667465608)
702.88680650465	(-0.2327939285613951, 11.375913149149195)
