708.9140235669212	(16.98100734020498, 25.535609996055936)
718.9330168706082	(24.962709196115917, 44.00825732726703)
719.7008515387128	(29.547611488756843, 42.00289168620936)
725.4113590613644	(24.341899385768347, 55.17377699988481)
709.4828550037141	(26.575160556615135, 10.269885457302163)
712.782655191047	(16.39326300609162, 36.889021625556445)
715.7329657728703	(37.31258719275934, 22.279356800057418)
724.3979219475599	(43.13861341418253, 35.80780804817345)
716.6620652612627	(34.70808316077517, 28.69777158896926)
722.2538241626121	(26.966162691793045, 48.56087404531258)
721.3488461539536	(33.89284651486872, 40.164744850079025)
722.1531213652222	(38.68773741858343, 38.031896489663026)
709.6456184445439	(16.78940694288751, 25.962018669317136)
721.8213776284911	(22.348152102208378, 50.645140965577674)
726.652949733566	(33.48323939534101, 51.15599329443955)
722.1548102894658	(38.68750178409096, 38.04214016174271)
707.0380568852718	(14.973745235090481, 21.203135603814545)
718.2893103553411	(34.36119389528866, 29.203046952361444)
717.7656221964605	(32.12050759757112, 35.4449657826191)
722.1552534720206	(38.684786036083665, 38.013251712029465)
710.2746489172539	(28.624681755895224, 15.099491542610336)
712.6723600183265	(28.121482125602757, 26.266990722393878)
716.6928482314805	(27.55530796443679, 37.4275261015893)
709.5064556980569	(21.56983836159436, 23.6888208191823)
708.2814362929183	(19.31029729791469, 19.064080615048084)
708.6982561367523	(26.752760891861616, 10.541239385776402)
