707.6359649996767	(24.635914499215477, 5.921483139001225)
714.0532362151511	(32.749795913693575, 24.274424879903535)
719.7092094679388	(29.517013960252882, 42.038816586264694)
712.0111147139223	(23.347183606406023, 28.186399096664623)
725.6100825716682	(24.437607751195472, 55.30952592727758)
720.1216358889607	(43.87841729646902, 24.854208634306882)
708.1317542446434	(7.795054888703664, 29.67843558179351)
706.5179652358801	(1.3014823621082479, 27.10408308798733)
712.358964181694	(9.688457971458869, 33.73638333816699)
710.3768262996251	(5.267575430506516, 36.26816577357744)
720.7793460766252	(34.11930879291011, 39.99079838130836)
718.3436944016814	(15.854942202910845, 48.00786690349607)
718.3042493546308	(41.612043977838056, 20.30070853825483)
722.8621904525405	(45.80288851487707, 29.48374739501255)
714.0476155384551	(32.71601239044948, 24.291296051357335)
718.9293751052048	(6.621752376845884, 51.977882468498365)
708.2978315673732	(3.2881732030773505, 31.691305186607803)
723.118451014112	(48.52869812869027, 23.174981849627105)
716.5719007773332	(22.950467341554294, 39.13991702421214)
718.5231343299123	(20.39800998049108, 45.92414372910614)
721.8810825831721	(43.40521390521684, 24.959235484404623)
730.5609914375011	(35.513086046793134, 55.77457244013892)
715.4710437311052	(18.374701678164527, 41.396522148214636)
729.2631139972046	(57.90890966707951, 18.597674957685367)
715.6377096884346	(39.87202780031825, 15.699703575932102)
725.1231458392673	(50.433806277968934, 27.440465192827563)
720.7783515708372	(34.14733027768682, 40.03535993441784)
