720.8830063221496	(34.00508737170946, 40.030331956245526)
710.2381230309234	(12.60627751626771, 27.217714894218513)
717.9619574602618	(44.50188176603299, 13.777915475588882)
706.7208689927431	(22.77038708103952, 1.4641044181760354)
702.1744724313045	(-4.2746211482910415, 2.144795790534526)
731.1825523977569	(34.26355578878937, 51.415306719776915)
705.0805157278564	(15.608767819429511, 9.934468403189161)
703.4467974766835	(9.02053019669311, 7.341630696225103)
708.7489574247671	(16.975766367271458, 25.651860461196794)
706.2417259875724	(-9.929466410333, 26.48507966218978)
711.2136355224762	(33.93692686035394, 1.9439157598915957)
711.2117575577976	(33.8738795066609, 1.9673600482291054)
710.5879072939273	(26.114406325814247, 21.694476681541147)
726.3261793322029	(19.645756883820123, 57.50037747262197)
725.3923472855473	(50.35448479377578, 27.623700013084612)
707.7360776064144	(19.599340354575016, 19.078680860345308)
708.7506377385571	(16.989433872092853, 25.64747644288688)
707.1055084427599	(22.51593828502498, 1.3914643316118833)
704.3138057286102	(10.990658408384743, 11.96349979552364)
714.6826882114091	(40.45153127156573, 4.583852665166617)
702.4304925950971	(-10.864592991614371, -0.3388835573713713)
703.4871689219578	(1.2500448491412868, -10.862681809659964)
704.6482063344844	(-14.132747217558691, 17.33963399037858)
707.1719617353984	(1.2723243700256517, 26.7911453612343)
725.5159891634502	(40.55888818987619, 31.79430839269624)
710.4806262251388	(14.511817534201352, 32.2966236977182)
702.1041971336806	(-44.00601245358124, 36.047693169616956)
733.0132968248796	(39.99184446473143, 53.35309955886411)
705.7326348227826	(-9.549564960699445, -22.541506104004366)
723.8484911943355	(43.316957785569954, 36.058825254510175)
725.378955149109	(19.79007532742378, 57.285486057441815)
705.8394072512382	(13.046468836608687, 16.31386769440897)
720.8435811327062	(34.031037813567096, 40.04415121929638)
717.9379906496558	(44.46075314533848, 13.690981709176933)
733.3578564196081	(11.93185295550285, 65.78638839929685)
702.1626936289955	(-6.056903317516802, -2.3175459298402568)
710.6109591510543	(26.12257196112576, 21.755013420877802)
710.4189915043712	(31.260508683755994, 8.517498805051988)
717.7265210031482	(45.085708041036966, 2.3257303611191382)
718.1288314978331	(39.31311454387705, 26.86578620176823)
723.0135786194107	(31.540938793023077, 46.588030660209604)
713.1875508580741	(7.039333602111377, 40.96122550345244)
739.1951374161915	(50, 50)
716.0020256051426	(37.12626429604702, 22.23675126814989)
730.7712465651547	(47.29174370603286, 45.200779060432275)
706.571457231611	(1.3157198277404814, 27.01089288167237)
708.7900258477712	(17.003793074685913, 25.762002878427577)
712.6952341469968	(28.195409071194668, 26.25414870214479)
705.4996034742487	(12.95523268804497, 16.495888830172433)
719.3693678629706	(24.730039997655425, 43.96264004892827)
722.2172304983773	(38.69188409703981, 38.117864166678594)
713.6479706545415	(35.33050282169689, 17.691431336612684)
722.4173997778875	(26.81737634715744, 48.64197632636048)
710.4545709383525	(28.659790612189642, 14.94852343442706)
729.1774695999004	(21.76934375354461, 61.74300748154794)
711.4854986351255	(18.709428052326796, 30.370312367309207)
707.0667648203254	(20.173864420446424, 7.610371341063637)
705.079937028245	(15.563309000792799, 9.935396807427205)
718.1482356329511	(32.29266768154162, 35.291086803633675)
706.2348857138973	(20.218111354189197, 7.861867106808704)
709.3425414019306	(26.867911077054345, 10.798348330921584)
719.1486485862939	(36.71072538897434, 33.471726221902294)
703.4012173348291	(9.624459209974518, -3.798868612412427)
725.8818902048457	(47.901344179814274, 34.11574096968191)
710.7887313119386	(31.108217173335262, 8.47022195598012)
712.8012451066522	(7.248984644129459, 40.89685048526607)
720.8312546255225	(-13.706711090214995, 55.334127138712134)
729.9960961554715	(53.71582939485355, 21.33759438914581)
717.6219634445043	(27.718543779841752, 37.73342489569084)
710.383195739512	(31.32976918830731, 8.536414492805005)
702.4211714717243	(-6.720822349736659, 8.758530728077949)
723.8373363482476	(43.27682016253787, 36.04618350851637)
713.2009161216776	(32.899714879152576, 13.137272524154653)
712.3826655950463	(35.86862171759298, 6.545290039701301)
706.5127491254804	(10.386508469297684, 23.058358896595777)
706.3553881344023	(5.803221893900059, 25.122822491093174)
706.2538262843477	(17.55064402430151, 14.515558071921953)
720.3042293315671	(36.92665250272714, 33.76533135693746)
706.0648120263586	(8.16128177452076, 18.77813481629611)
719.710625655252	(29.52492270278097, 41.98138798269138)
713.9942412117911	(25.550031035075506, 32.83241702538639)
707.7574583682327	(19.609151063878688, 19.16461010752227)
710.4477986104729	(5.222699145111788, 36.347835449089274)
729.3436460644313	(26.34752648241022, 59.707555036717395)
717.9427045134465	(44.50787936075116, 13.740608748358136)
715.5085829926237	(9.289541826877361, 45.449012141067314)
712.2859343301626	(20.039940304458952, 19.74105646986411)
705.0239788419094	(8.407445843629908, 18.4929112216864)
728.374616223306	(38.39908925712202, 49.13364435087338)
708.7959214362836	(-12.478866897218646, 33.03094811402092)
710.8508682496077	(19.018538957727063, 30.229889065073017)
732.7821669801527	(51.809657518024814, 43.17017687195265)
737.2584212489486	(46.63588240614072, 56.369657609120665)
702.8954957267654	(6.99015952385161, 2.8057895779188393)
718.767719697601	(47.01137673067047, 7.140589744493031)
731.4713999037225	(54.44412105065274, 36.559785380664216)
702.2723423230976	(-2.1485801730142775, 6.78607494087921)
717.473532406108	(27.735036499026876, 37.68813255372736)
715.075677149504	(30.174306907978742, 30.85139393689476)
713.6427889159746	(35.31798647879342, 17.7116764457077)
731.6575564705006	(40.0661518067696, 53.8079629876417)
702.1776679042327	(-4.17548098637654, 2.0473721066738833)
717.2807074185102	(45.03440827238462, 2.576322623667902)
720.1765963019243	(43.85428688129085, 24.79411373749721)
721.0821699285259	(36.777737075920825, 32.94856616269571)
712.6711229392889	(28.14484680585553, 26.296744996944565)
737.4585187210602	(53.58308746329792, 47.95430245103763)
723.9747735061114	(43.25633571356743, 36.16279414614614)
703.455449152361	(9.030641526266562, 7.32646240385122)
730.8664253696398	(47.21649010925657, 45.29137924788828)
712.1218905718869	(33.40693369810254, 12.969504839413615)
713.6428464868427	(33.00755816890749, 13.496938668974032)
715.9477070568322	(22.99756268007639, 39.38399934488509)
711.5980436650055	(23.568454509573346, 28.255686250614694)
717.7678437769468	(32.14821286796799, 35.433536949501665)
721.6222346857005	(41.5137444212146, 31.224217375967886)
706.5167809595348	(10.443598015081506, 23.057665100704153)
715.9276018581336	(22.97630765949866, 39.4144281468191)
706.662796747788	(22.752341627263863, 1.363895139002433)
720.1762564875944	(43.96501746284886, 24.87464018031664)
706.7569712970641	(17.665335546705382, 14.768584146791653)
710.8384951147025	(18.945596783675654, 30.26014208454253)
708.7992548819851	(24.14529868910509, 17.134684580738735)
