722.1671897377108	(38.66998195971633, 37.99690734603996)
715.3179142692276	(13.825404873304537, 43.39242674743112)
727.7512070891809	(38.044089632465266, 49.145494849317245)
712.6751238054404	(28.119202760617746, 26.29683019393659)
714.0492840062044	(32.736345273625204, 24.272367031521657)
715.9786145288879	(22.991123599723363, 39.3489762536647)
714.0880492797504	(32.75198034806003, 24.349994331165774)
710.2216420189785	(9.848512092639265, 34.25078261997476)
718.1522921691306	(39.30430308939849, 26.814542140340397)
711.8696043276638	(33.28411135245854, 13.110531559909324)
705.5116822111581	(12.99992288841367, 16.586058674324377)
715.7541654939748	(37.28001590814298, 22.242009160107486)
715.9283852212845	(22.975429663314003, 39.41060056424552)
715.0770186389326	(30.14193442344176, 30.817748459607415)
712.9541014683656	(28.1414673312798, 26.468096835500816)
724.1079820448132	(36.13791836516601, 44.552680025621996)
730.7919970714547	(47.2981074457738, 45.14638970948668)
707.3229714573308	(22.177271235739482, 12.518277973524736)
710.8572389288315	(18.963551570705913, 30.322831481409967)
716.4790535841464	(34.67635826257086, 28.809552627337975)
716.7089382150926	(27.50632805420369, 37.45219580597233)
710.8447657541743	(18.982140546328093, 30.309873546449875)
719.1512014867486	(36.70650316678308, 33.47711483158584)
706.6273680101291	(10.390983263889007, 23.22445091429857)
712.1031915761974	(23.310586167042345, 28.226130239807965)
710.1801053804346	(28.747848253910888, 15.145555023715575)
713.778642229816	(35.440580184330145, 17.693235013390986)
710.9664040053135	(31.45138396183754, 8.78754800267922)
708.1285640902368	(7.802269167391878, 29.670683365701116)
722.8460037154806	(45.889402639531745, 29.514544898449145)
